23	68	699	430	474
10806	74	79	2654	9690
159	133	134	141	112
14150	4168	6913	18609	47052
290	6276	639	3082	5526
781	9708	572	573	593
400	15393	3872	1392	7981
605	283	91	6750	39
1144	26359	18522	249	49668
430	68	442	776	283
1666	1142	246	1195	1564
754	9	295	55	30
578	579	577	1282	3345
55	1301	32	295	754
1033	39439	29811	10921	10924
1061	1336	7698	1117	569
1226	1228	1234	1231	1174
12	1142	233	246	449
1420	52447	24844	20231	32344
1497	52591	37461	50528	898
6292	1548	295	7405	1308
1993	7777	51389	21640	21636
2153	705	2680	895	1617
1142	246	2747	1666	577
2213	2208	2205	2215	2224
2346	25103	23347	47686	53906
9048	3263	2556	14048	2127
2547	131	2425	2680	798
2597	1076	2564	643	2478
3269	3280	4350	569	3136
2785	4094	1953	1293	1426
2809	56363	13299	42735	9846
2842	2850	52853	59811	10908
55477	1378	44053	41446	14636
3054	48849	36544	43167	4871
3144	2347	573	383	296
3177	42406	45698	58428	57498
3234	12392	14750	46079	22394
3262	3285	3297	3292	3293
3347	3332	3333	2281	347
3372	3401	3437	38603	3393
2562	2408	9438	2478	10976
26	761	265	605	31
3679	18126	11229	44632	58583
738	225	33	30	17
2068	1205	3923	1412	1268
1142	246	2747	1666	577
4172	16112	91	5999	928
1635	8086	618	3921	2129
3975	3973	16791	4057	4027
1293	7841	745	761	889
430	68	442	776	3
4355	4344	50352	50350	2538
4385	4364	4371	4384	4372
246	643	894	374	3125
4455	12078	4448	91	3
12	1142	2747	246	1666
1201	9490	8695	469	3630
4626	4686	4640	2787	5784
2605	4759	4746	4407	4750
4913	47686	23347	2309	14348
1066	643	347	2434	1076
5096	5079	4101	5078	4007
1064	1571	1943	2013	2747
5311	5261	5267	287	6281
813	4188	196	124	2838
2958	1066	2434	639	643
285	304	6285	2613	98
5556	5557	5500	1524	13917
5613	684	6333	3215	261
1142	12	2747	246	1666
4379	4852	4991	226	731
966	2350	2027	1330	2827
2168	297	10	973	3622
5861	51727	5963	32277	49588
246	3114	12	1076	3125
304	573	296	572	7712
12	1142	246	2747	1666
6135	7723	3215	581	761
258	284	545	2180	4247
3633	3632	3062	53799	6337
6244	340	1066	2290	643
304	6285	2613	98	2623
26351	6970	42595	42591	42593
3632	3062	1293	1127	928
2975	6826	466	455	484
6458	58742	32951	13538	32747
6646	13538	13549	28520	24247
5467	11105	11102	339	354
246	3114	1076	3125	56
531	69	3386	438	4053
5459	4186	356	374	1272
6943	41264	18862	34269	50176
6750	17	3	605	33
7025	7099	1765	4991	3907
466	7132	1779	10246	2791
7235	53138	32594	53549	20112
1062	7698	4350	1336	3280
26	17	33	568	265
10	39	91	450	374
7385	2922	6144	370	61589
741	26	761	17	33
45866	7472	20097	20132	25951
7582	52598	7577	10211	9958
285	304	6285	2613	98
7677	235	16740	38923	233
7721	6143	7698	7719	24120
288	3114	246	1076	12
7816	26919	983	15840	12896
7898	24016	20067	41645	60274
466	484	2791	3112	2951
7958	7972	38064	10140	56436
3	68	605	39	17
8053	3344	31048	6103	813
3898	146	12864	3207	3904
6815	3970	3110	776	1246
26	761	605	31	265
4	285	6	16384	764
8406	8405	8408	8420	8409
4113	37214	4640	5784	6823
5296	304	285	2613	6285
3076	1426	474	928	699
8620	43803	42735	19544	56371
8647	2613	6285	572	5267
5295	469	1893	1260	1896
295	754	240	9	30
8770	8755	21641	8774	13147
505	55	30	1301	32
8865	8866	8851	8848	8852
8925	14411	36897	57919	24368
8964	4518	11960	2657	4350
8988	8999	9004	8990	8982
9070	55491	28463	8876	44901
52	32	30	1301	295
9107	9108	13858	572	21125
4648	4649	4650	35000	26842
9368	42	19268	9299	9366
1187	3970	325	3386	4253
9505	35896	35374	58643	12035
9562	10935	1378	40228	30580
1066	643	2434	1076	347
3987	20	745	8379	4336
3144	2347	573	383	296
9797	30871	43060	10005	6453
9822	45649	20359	59028	61783
9862	970	3215	6161	2749
1666	233	2747	449	239
9938	40179	7906	40183	22463
9952	9960	9965	2545	17469
9978	27058	41833	20562	21357
9125	974	68	563	1209
8651	9124	2158	4872	2623
10168	47857	58572	38539	3466
3	605	283	6750	17
3114	1076	288	930	2478
196	813	11054	44660	1646
548	8188	5405	14270	249
3523	3390	3780	3521	15954
505	30	55	32	295
3222	45866	32997	5921	49888
10551	8180	4192	248	4253
10622	21036	31339	31347	38312
7046	2975	719	12495	1969
6736	574	6055	2290	3902
10732	10745	8591	189	23221
10773	10761	22429	10778	19574
2225	12770	25127	11098	7933
595	47	19832	6	732
7937	1084	25602	49115	15166
4604	5371	3779	10898	10901
2510	16893	42368	17691	1011
10976	466	2791	1076	1779
11073	49428	53531	11060	6583
1398	708	560	3731	567
5320	61733	33503	61731	61732
1720	11175	59405	1973	20384
16	91	701	51	555
1301	9	55	754	295
601	3542	3390	2939	457
813	11054	44660	2838	1646
11385	23180	3393	37479	51166
813	11054	44660	124	748
32198	9442	531	249	647
11538	552	24399	7841	4652
11578	11570	48715	49390	55676
5837	284	258	4247	8681
11677	11676	60240	9901	61212
11743	970	6095	282	3706
11781	11775	11776	11780	60971
7281	7275	7271	7273	7264
11863	1838	11868	11846	11889
68	605	39	17	250
11968	11965	11948	11966	11947
5607	3936	1564	946	4864
541	4526	7404	505	3706
2156	98	5649	2504	11
12150	7501	22859	12168	18932
12215	699	2238	91	2789
12251	860	895	1674	2529
12274	12268	12263	1765	2408
33	26	761	605	265
272	1666	7839	7402	634
3615	1895	3431	14818	3420
239	12	449	1142	246
889	761	26	17	295
8797	2121	699	3215	3862
3524	12435	12497	12524	12530
8352	347	1066	1564	5608
6826	2975	3266	435	3112
4127	664	19799	48813	663
34906	15392	15212	7322	579
708	583	9297	5602	567
1210	35827	12817	33917	8734
12870	619	12322	35494	31105
12913	54374	12903	12902	33098
448	469	1260	438	1201
12951	54509	50747	56812	15079
33631	13009	6023	9801	7811
973	10	450	68	974
13038	13067	58907	52036	13050
1900	1901	22404	1065	860
13204	29630	34264	54523	32298
13258	13261	13264	13266	13263
1268	647	984	249	7023
13312	34387	33480	7594	2994
13384	13387	6849	3534	3484
1579	33593	19324	13453	13466
13508	22193	46551	38756	13627
13560	13558	13559	28121	43754
12	1142	233	246	22
13659	20437	13869	21520	17971
974	3947	17653	1209	363
13746	3630	469	448	2631
174	44761	813	155	196
13957	48082	49775	36597	13965
557	12	246	1142	3668
3706	24	1548	295	4799
14064	33365	33360	28741	20222
750	5431	9421	7101	7054
28	26	17	758	265
14159	2497	4823	4820	4817
17	33	761	605	265
14267	14270	548	28227	4329
14298	11622	46475	14304	53652
14349	14348	43758	30139	2526
1412	283	442	68	3
37158	3341	32782	17470	5218
449	1142	1666	246	577
146	2993	147	12864	3907
984	776	4253	647	454
711	758	761	732	4645
2943	13766	1205	984	5254
14587	14584	14585	14593	14606
14646	21458	30443	3663	1448
14738	8884	3990	4769	255
14776	7975	29397	37199	53069
435	2975	3390	719	9442
3511	5443	5656	11366	2751
984	776	1205	250	1268
14889	14878	28264	14874	25595
4015	1436	699	2017	1021
14973	46903	2223	18898	61761
14989	14988	15002	15001	25999
7841	68	3	3955	732
2027	2350	1330	966	2827
15095	13845	15085	13698	13844
8440	22457	10056	24461	23080
15179	29533	19281	26588	9707
15206	15205	577	11358	44411
374	643	246	2325	2290
4645	20341	758	265	605
15341	8431	61436	34666	25195
583	5602	6	708	9297
26	17	33	568	265
22240	7950	7952	15325	22
9704	5998	953	5532	24918
15518	15564	18176	44468	11332
15636	38286	8506	6903	51690
11338	7152	13138	13129	42485
3344	748	3921	196	4188
15096	16477	15104	13844	14346
189	10086	4144	2993	34557
14155	91	1317	1021	1291
131	798	2747	35494	2993
15877	50236	26975	15876	45188
15934	3390	50535	481	6786
16106	16043	16054	7845	16039
1142	246	2747	1666	7261
39	91	450	374	3
7437	561	3170	11	98
7989	1864	4089	3238	16
2203	4790	474	699	389
3221	3	605	506	6750
16394	16392	12056	16396	16401
16455	2787	50	25090	236
13845	7796	14330	15096	16477
16527	2958	1066	1076	639
146	34613	12864	3898	15729
12299	291	634	7839	1142
16676	27778	28217	52570	6648
16728	50872	27309	48779	44624
2747	1142	801	7261	2425
16760	47627	7233	44022	18571
32	55	9	1301	30
16829	22690	16812	9651	4294
3800	17	26	33	6
6285	285	5275	2613	2623
6143	8090	2576	44660	196
5585	559	42	566	2303
5926	5590	250	4328	776
16898	8138	4188	155	3921
17123	13247	22570	25596	26755
531	17160	32198	3762	11459
146	34613	12864	3898	15729
9966	16791	50223	4057	31295
8804	24225	14983	24918	971
288	246	3114	12	1076
732	6	17	761	3800
497	252	49668	71	493
30	505	29	55	26
703	10064	8804	22929	971
17321	17307	13805	17305	4670
1814	34977	2038	616	2051
11949	22223	11973	3136	11972
26	17	33	568	761
246	3114	1076	3125	56
4947	51110	4916	12411	13196
16501	354	9407	6713	5518
10519	801	1617	1143	291
10	39	450	91	374
1120	20573	4852	4823	2428
3	605	283	6750	91
2993	3907	2994	189	179
250	647	1268	39	3
17844	37892	27666	27409	30869
1620	1098	5204	916	1169
17920	17925	15207	8169	22064
6836	91	928	430	1292
592	3207	1668	4188	813
2459	2415	2416	2423	7515
487	363	374	1209	2290
8681	284	1412	258	2180
7727	9855	6776	3268	9834
12068	231	27	500	505
4838	4865	20719	50703	4866
354	11	732	764	1796
18254	4872	8647	8658	18241
18310	3036	14806	3125	7445
3207	1668	4188	813	748
3072	11879	22363	27770	4971
3	605	283	91	6750
18451	25473	8271	26824	41447
11949	22223	11973	3136	11972
2613	6285	285	591	2629
10260	44827	12830	51028	466
2989	2791	1779	894	484
5388	1135	1127	1293	16950
1814	2038	2512	2051	616
710	732	761	739	17
18645	21357	25037	53415	22549
5939	421	4856	1085	3691
6130	12	1142	2747	1666
18775	11601	29558	26958	45234
18858	59131	1499	55500	186
1361	813	1142	3164	233
18972	18968	14754	18952	29640
4718	1291	699	1127	1436
19056	9252	26681	3117	33604
29	30	32	26	55
33	31	26	225	265
2038	1814	2046	616	2047
304	285	98	6285	2613
2791	56	5055	2989	3114
420	1969	2913	636	9801
11854	4056	10867	11889	9381
41582	4250	3986	8379	12834
560	1528	1796	614	1398
285	304	6285	2613	98
12748	1272	2791	1779	5043
954	4045	616	8800	22722
71	1144	26359	18522	249
356	1272	374	4186	1270
5617	16504	21564	32734	51312
285	304	6285	98	2623
9453	9454	2376	2659	558
12060	37434	22182	16552	12073
14844	16	1864	4776	2121
1912	577	1282	5142	1296
11544	10103	14868	18116	4461
3	605	283	6750	17
558	2314	8090	2576	2640
7587	39489	16027	9765	7541
19845	18159	50703	56567	9894
19904	46251	55675	4857	49946
17	33	26	761	605
2615	22929	13777	24225	12367
9106	13	7573	3857	2696
20025	22856	22885	59667	15666
438	1201	9490	2631	8695
47	764	6	761	732
931	2497	39267	56577	20091
31	33	17	26	225
20157	14029	36781	57716	51579
17307	13805	17305	4670	17321
1814	2046	616	2047	3133
4832	899	6107	34414	50429
34613	2994	15729	3898	10086
2038	1814	2046	616	2047
1140	3	605	91	68
11177	20368	4202	4203	849
2152	1169	2747	244	1142
2267	98	3238	946	561
2990	51	246	239	3668
26	33	568	265	761
20515	41754	47190	6048	55807
7314	5137	2168	10	973
297	39	16	3125	288
20573	4852	2428	4823	2434
14732	1899	239	20622	236
20648	15085	16482	1917	20635
1957	38182	52210	19390	50703
20703	29080	58500	34975	33915
13866	20717	9925	13243	5539
17	33	26	761	605
14596	6776	9440	9831	7927
31	33	17	26	225
3887	14327	15095	7796	1919
12	1142	246	2747	1666
17	33	26	761	265
20920	58601	27768	26564	49271
20949	53581	37748	12542	5185
3874	3716	735	9333	149
21020	21019	8292	10310	4277
23	68	699	430	474
860	3249	801	5187	54571
69	2934	531	484	2975
19138	34614	56251	47160	48975
21212	19795	17362	31638	25168
5539	9925	20722	7402	21233
21252	175	21249	18008	54143
304	6285	2613	98	7712
12880	592	35494	602	3207
1024	455	3112	6375	3266
1066	643	347	1076	2434
21509	21508	58573	59629	37907
21540	49696	52300	51566	48148
3633	3632	3062	53799	6337
5457	1142	2160	1666	1571
5385	3987	20	745	14213
3355	1969	2975	33631	7046
3	605	283	6750	17
21622	25449	47510	50986	59455
8756	13131	21641	13135	13136
21698	21702	21724	21727	21676
776	454	1205	984	1268
21875	7470	21869	21874	56328
4439	92	930	61167	1270
22007	43439	22001	43418	2358
33	26	761	605	265
304	98	2623	7712	9708
1142	246	2747	1666	577
91	3	701	16	283
22097	19983	8841	703	6096
12523	4174	68	4053	9138
22145	11791	22185	36416	37919
8877	30382	42811	32560	43758
1317	91	430	68	1140
484	466	3386	1203	69
288	3114	1076	12	3125
56	3114	1076	288	930
22290	60885	46551	60403	17603
22322	44232	34492	18296	20918
7950	7952	2121	15403	7954
22383	18105	3226	15274	4121
605	3	17	6750	33
24461	31072	39850	14571	39848
1755	5636	22505	21429	3333
22531	16057	7862	22535	22536
395	25595	1436	11293	1153
4	285	6	16384	764
2152	12	1169	2747	244
86	65	6842	484	3541
6292	582	625	957	254
3936	2426	3249	15792	7261
22717	42281	51078	25081	6445
363	17653	3668	374	366
1144	26359	18522	49668	252
12	1142	246	2747	1666
4526	564	234	953	3739
13747	10163	4610	22200	1260
19181	12064	12078	9348	3062
22817	1585	22822	5926	14276
11083	4190	292	11890	297
22893	22892	47583	58541	23480
2429	347	1076	56	1066
11404	22989	52250	50755	52249
5382	7856	24914	24951	12040
374	1066	643	2290	347
23088	17847	39083	36715	57984
813	124	233	1361	748
13778	43	582	9487	1797
1026	4251	647	363	283
347	1066	643	1076	2478
3114	2478	288	894	2434
23233	29870	15768	10086	23232
448	2631	1201	3420	1895
442	430	474	3104	4448
930	5043	1076	3114	421
23414	46663	32951	20101	18717
23454	23453	49102	46613	49772
23496	20715	3761	54993	43754
3970	776	249	647	6815
23536	23523	26774	5672	20101
249	776	250	3970	454
23581	23580	15200	15201	23579
23611	19561	4863	13505	60385
705	1666	801	2747	12
23707	37912	37442	33791	4508
48606	124	3921	196	24041
6750	33	283	449	761
41829	40751	41799	1247	40743
23788	23783	35998	9859	20760
23857	18403	58972	29628	20562
1542	234	754	6095	31
7404	55	30	29	295
441	566	585	586	593
7438	463	14463	19983	22097
12058	749	2744	10246	39562
23998	59990	23996	22156	6568
24023	53111	19107	29936	13247
33	26	761	265	605
569	704	3269	1336	2747
438	1201	9490	2631	8695
454	776	250	647	1268
12458	2279	51	563	6750
5218	271	9156	449	3049
776	250	3970	3386	454
1195	12	246	1142	1666
5644	7700	233	91	2990
24237	34517	19393	23123	6068
24252	13054	61269	1123	50288
7041	813	155	2632	174
246	374	1102	574	376
24371	24378	24373	3712	564
2632	35421	172	155	44674
24520	24519	43499	38936	24706
24551	58182	37100	60992	53285
24579	32023	13597	32025	32022
24626	44198	25988	33711	26715
246	3114	12	1076	3125
24680	24673	24674	24678	24672
1362	5512	16309	13188	35666
24751	9765	300	1408	1384
3800	563	1293	12458	3125
246	3114	1076	3125	56
249	19101	9034	776	4253
2747	244	7261	1666	6130
21178	7117	24875	8860	4144
8804	24225	14983	24918	971
124	748	2747	1269	1142
430	283	3	250	39
12	1142	246	2747	1666
4872	716	250	6063	2167
761	17	889	33	738
3921	813	748	4188	3344
13	450	17	3125	39
39	3	283	250	10
9460	2747	2724	1564	634
25282	25243	43347	6631	31699
450	10	13	3857	974
14355	15383	3749	6766	3147
25350	14401	8554	30818	1674
719	2917	3137	2146	435
25367	36496	25361	36485	25365
25397	25379	25378	25375	6304
25456	14810	4894	13351	7583
172	3907	2993	2632	420
25515	41273	55277	34478	44649
25538	2221	49335	2222	42197
354	339	6	11	2167
5058	25579	8455	25578	15119
1494	946	1564	895	1674
588	7698	1336	42885	1062
16478	16482	13844	20635	15085
1117	1336	17474	3269	4350
1066	643	347	2434	1076
25678	155	2550	6191	813
7888	14782	46208	12450	2157
25771	25751	16055	25750	25748
25833	48935	34889	29514	27105
25855	5921	15782	18380	25894
25934	18732	60509	25933	34624
1066	347	1076	2434	170
4045	43	954	13778	8800
1195	5188	12	1142	246
30	9	1301	754	240
3928	7046	592	3904	9727
8530	3076	1426	699	3154
1368	593	384	8663	569
26126	26083	26104	46101	28364
25080	3067	15133	4955	2333
450	10	13	3857	974
7030	123	47935	45311	43031
4314	26	1312	1548	31
2290	643	288	574	3125
3	605	283	6750	91
4623	3239	4624	50	4571
12302	1269	3345	8442	1361
761	26	295	55	9185
22730	18522	495	49667	49668
12025	1144	1255	35827	8266
563	701	3125	51	3
2629	5275	572	762	6285
8550	8740	562	30784	42
26516	7317	4174	26507	9022
26570	26590	26568	26569	26126
26620	7873	47175	28570	40934
339	5467	354	11105	11102
1995	9801	10452	6023	34557
1727	21381	8164	41666	6406
13769	2631	5245	10433	14790
26846	26845	36323	24566	9360
33	26	265	605	758
1797	764	33	26	29
26882	26881	23186	54035	52875
47	764	6	761	732
17653	68	283	363	3947
2474	2654	1073	617	1779
27004	55419	58356	57007	25216
27023	15792	2425	3936	3249
8180	10551	5711	4192	3917
2951	484	466	2791	6837
12991	20342	7030	27151	42053
33	26	761	265	758
11728	593	1368	8663	384
27203	57550	41625	13609	31927
1295	741	11020	4769	526
10	39	450	91	374
930	56	1076	3114	1779
27288	40794	27287	32322	30511
2562	643	1076	3114	466
27329	44866	44892	44867	16446
1849	1850	19150	52575	2743
2613	593	781	573	572
13	450	17	3125	39
27504	49995	49994	49993	49997
12	1142	246	2747	1666
934	22	561	16	11
3137	2917	719	2146	3355
4438	27586	20154	9578	5847
607	131	7261	12372	2747
39	10	297	3857	450
56	3114	1076	288	930
7228	27747	60761	59013	60779
9959	7414	14952	14953	30500
18067	7254	2801	27782	866
354	339	6	11	614
5261	2110	552	15841	25009
27842	27841	40760	35987	57791
6258	31	754	295	33
27885	21027	1031	27883	1161
1969	1995	1765	420	849
27941	25505	31848	19413	30808
1765	2408	23152	31201	2442
28022	37199	61210	39285	7472
813	11054	44660	1646	124
4434	285	11	6285	304
28058	3136	10378	22217	17393
11458	4052	32198	716	11465
6	732	17	761	26
44726	8068	44727	32159	38949
24001	7591	4077	1422	3996
6333	17	295	33	266
274	17	265	33	738
959	354	1528	24	2759
53	2504	2279	36363	16112
15131	884	3251	6056	5187
19155	53	21633	13	1293
6750	605	17	33	283
8662	16384	26681	572	32843
11315	11316	9628	58327	46748
9	754	55	1308	32
560	1528	565	716	17872
4955	3067	13689	11988	15133
28463	36230	57515	49543	60213
28517	7985	17129	54350	16554
574	246	288	2290	1142
449	33	26	17	239
21581	21583	21582	2145	12566
10296	28604	28606	8535	19561
699	91	1291	928	3208
894	2791	466	2989	357
934	22	561	16	11
420	1969	2913	636	9801
51222	25335	25445	12307	282
22363	27770	4971	5386	19832
7841	552	761	889	732
28911	4461	11166	19156	6027
29010	57212	378	1314	1282
17353	2983	17364	23476	17358
9454	9453	558	2314	8090
2076	29141	488	2059	283
873	11568	52000	12678	12648
3969	357	454	9892	491
29206	55833	46551	54124	17476
225	33	30	17	265
14168	568	26	2924	27
29309	37920	36426	35111	7893
25782	4681	5378	1292	1293
2350	966	2027	1330	2827
29358	28939	53025	51769	36102
10151	699	300	1436	389
14671	21008	5868	18854	8005
3	605	283	6750	91
18880	5657	1519	4012	7677
29608	9544	28006	30580	36908
701	91	16	3	563
2277	29669	7445	29666	10252
29705	849	1969	140	636
29767	28929	23503	2795	58770
4117	12308	2761	1482	7515
1142	246	2747	577	7261
5993	11080	54989	38726	53093
29840	35486	20562	25037	55111
29846	29859	29855	29850	29851
296	762	2613	383	2623
8902	26421	8903	16545	8797
738	225	17	30	265
29923	3046	29921	29920	970
29966	39219	43331	60774	52409
24641	23994	11067	49203	48362
21746	51256	48343	56744	59933
9481	376	3668	1112	3218
5830	2168	39	297	563
10690	587	566	586	8550
30143	22340	42682	42695	30133
885	946	634	1666	1494
51	2990	16	246	701
3125	563	2325	4442	701
285	304	6285	2613	98
304	2613	98	2623	7712
246	3114	1076	3125	56
928	91	1291	3	1953
3273	1091	3036	3666	3114
1291	928	3	474	91
4236	745	1330	1331	760
508	3969	797	357	1185
17465	25270	51558	36618	36396
19101	11195	248	9034	38232
304	6285	2613	98	2623
30447	57215	8071	61588	60170
17444	58196	44301	22096	17145
30506	10285	51591	34829	42420
22839	7727	9834	14596	20761
30538	30537	30539	30542	22683
30600	22870	36841	23811	22705
6096	8811	9	971	7404
30647	26228	7665	35618	37110
30684	57270	60480	18176	1067
4699	469	1893	1260	448
24659	22133	4925	14050	32789
3767	61251	32735	20749	31513
10433	3431	2631	469	1893
1797	954	732	13	3800
16394	17678	38350	50686	3153
30826	51018	59931	61673	60059
1404	13426	1391	13450	13428
616	2051	1134	3133	4
585	10690	441	8550	56985
577	1142	12	449	7700
10682	11400	58171	6836	50
776	1268	454	647	39
8455	5053	1908	13215	3044
30986	44157	3207	1668	1701
47	19832	732	1331	745
33	761	605	265	758
506	33	17	31	26
116	11362	23594	40084	8056
31125	2501	29350	17486	24235
31158	29266	28661	45111	13962
5459	6337	374	356	361
9438	6826	3112	3266	2562
761	265	605	758	31
31256	7463	25545	5130	34414
776	250	1205	68	984
28908	3685	2850	25429	13770
31374	12041	707	38847	10847
365	2068	973	974	450
1794	14213	8379	1331	3975
31431	1412	363	3923	3927
33	31	26	225	265
146	34613	12864	3898	15729
661	347	1066	3328	4867
31488	31487	23951	31493	31492
1066	643	347	2434	1076
13710	1903	2680	795	705
561	11	22	91	233
27700	31575	60384	25039	32984
3269	7698	4350	681	1062
21212	17362	31638	25168	15403
15	254	7402	449	3009
7710	383	287	6297	296
2145	3355	1969	2975	33631
12641	1269	577	2546	26777
31796	1578	16206	234	555
14355	15383	3749	6766	3147
454	776	250	647	1268
31879	31868	31857	28474	31878
18543	30529	30518	18527	9859
31915	16237	10635	4292	17944
683	3328	643	2434	2435
31942	8926	34256	11424	21367
12627	4823	946	1564	1674
3970	454	647	3386	984
9	754	55	1308	32
9297	583	567	5602	9312
32024	15848	24579	33840	19512
569	681	704	3269	1336
8174	8175	325	2028	6815
12239	7379	730	24918	24914
708	583	9297	5602	567
8426	32073	3431	5372	1260
966	2027	1330	2827	745
5278	5193	1102	2408	643
5443	3511	2751	5656	4742
704	569	7698	42885	1336
7796	14330	3897	13845	15104
55	9	1301	30	29
4844	4923	4823	1085	4859
33	26	761	265	758
3147	4072	11928	2158	9124
871	917	6130	1142	2529
7023	250	9034	1268	776
1796	17	33	6	6750
32433	60553	32435	61771	39276
26	17	33	568	265
32560	15583	46632	40996	53086
1142	246	2747	1666	577
16604	32638	32649	16585	32273
974	68	283	450	1133
32690	32678	32675	32688	32692
32718	61636	29698	48990	30601
32759	34305	57477	51677	9384
3857	450	13	5003	39
23	68	699	430	474
7703	573	2303	2347	285
3344	748	813	3921	196
573	384	9141	2613	285
12345	12304	32908	53516	23017
291	1142	634	801	917
2992	3781	3785	4172	91
18184	20803	2478	347	643
246	3114	12	1076	3125
1142	246	2747	1666	577
33139	33166	33141	33134	33181
4645	17	758	20341	761
26	33	568	265	761
14837	10589	5926	4328	5590
4160	8449	23413	6859	35211
33322	4179	250	776	4328
33343	31338	3721	31337	6293
1130	3874	735	596	710
7841	3955	68	3	17
7289	1591	3706	3911	970
28068	33468	28069	15891	61431
2900	3891	8752	13585	7792
383	2613	296	573	2347
33506	33508	10861	33505	33501
33547	61884	33549	9775	23041
13426	13432	1404	14975	311
17	33	761	265	605
4503	33203	33600	33138	14254
5580	572	6845	781	26681
33651	57076	25151	51304	3316
11232	14983	432	16189	24951
26	17	33	265	55
1308	754	295	30	55
285	304	6285	2613	98
10980	28456	55910	33732	33742
2631	469	3630	448	1260
33	761	31	758	265
12403	1066	2434	643	19453
6968	250	776	984	1268
12	2152	1142	1169	246
33953	33910	33940	33893	33894
776	250	1268	3	283
2311	1275	3668	801	1666
304	6285	98	2623	7712
12521	487	12450	3923	363
2917	2146	435	2975	3355
7776	34120	7733	7747	7770
34144	52985	11667	21513	14303
5585	559	42	566	2303
34204	43616	26582	28461	43608
2893	340	14698	2474	2958
6103	8068	6088	748	8053
4186	5459	356	1085	374
20573	931	1066	170	347
5455	33	265	738	31
4250	1855	12026	18651	4298
26	33	55	738	568
3643	3268	7727	1024	6776
582	4799	26	3800	295
34348	34346	2423	2436	2416
265	568	758	55	29
26	33	568	265	30
14190	17150	69	11459	457
2994	8072	8018	189	10086
34417	43082	43758	60317	53086
354	6	11	1796	732
2145	3355	1969	2975	33631
246	3114	1076	3125	730
973	10	450	68	974
2303	573	383	2655	2613
34533	26689	6068	26054	28363
420	1969	172	2145	3907
34593	1205	2943	5254	41488
2433	37313	37308	37342	6023
2007	29421	19616	16251	30564
43184	9487	7841	10683	3955
3	449	22	17	605
34695	21179	7471	630	8412
6576	643	170	1066	6074
239	449	12	1142	1666
34756	34755	34779	34769	40623
3630	548	2631	5372	438
4632	4631	4656	3076	4628
2428	6074	347	643	1073
285	6	16384	764	13778
2563	2559	2562	2558	2564
24398	15523	34869	15528	1330
34906	7322	15212	15394	2979
21158	3716	735	6	2924
7890	474	1021	701	12523
17	33	26	761	605
21561	7933	959	760	261
4757	4407	1783	4401	931
449	1142	246	1666	577
35103	13638	5671	5336	12409
17738	470	9446	42735	17737
9669	9765	5633	300	3008
18349	3987	3703	7447	596
1021	474	701	2017	1291
916	12	1142	2747	801
605	283	6750	91	17
14182	35267	22272	60885	54577
304	6285	2613	98	2623
9	240	1308	295	754
6016	68	39	974	1268
35303	23443	58967	27146	49151
33	761	605	265	31
288	246	3114	12	1076
3723	2749	35383	2995	663
12	1142	246	2747	7261
6375	6371	6396	9124	6376
6023	15729	34613	3898	3895
14754	18967	18970	18969	18968
596	6	1331	732	47
35501	26023	4414	37193	34678
3643	896	3110	6837	3112
284	258	545	8681	4247
35558	37269	16333	43069	25696
978	266	506	449	31
35618	26228	49607	58215	54929
1564	634	917	1666	946
7046	620	17666	2145	43600
16	91	701	51	555
20647	32946	1905	15420	895
647	1026	2935	2789	2934
11547	14829	19541	14868	4461
33	31	26	265	30
776	250	1268	984	454
15679	2632	155	1710	5560
1766	7402	449	2545	3045
7489	5394	5036	7884	699
12	1142	246	2747	1666
35918	27991	32766	7508	35926
9106	7573	3857	2696	450
15736	5304	15752	15757	2764
11458	716	4052	32198	249
20758	20756	9834	9855	9840
2782	13574	8051	16259	16213
6122	8839	3147	4	596
605	283	6750	17	91
92	288	246	643	374
148	157	23253	131	374
19380	4247	10623	8681	284
596	6	1331	732	47
131	798	3207	148	2425
36177	22502	46551	15448	37062
25009	12064	12078	3	4645
2631	5372	438	469	448
3	605	283	6750	91
36220	41477	24884	39102	36211
761	26	295	55	33
7352	27497	7270	4195	7555
2613	6285	383	572	781
7249	3281	18054	7245	7259
1193	2152	1169	9787	12372
36340	19393	36403	15861	2278
442	430	474	68	2753
5649	5650	3049	2990	3036
5767	36423	17685	3668	2881
288	246	3114	12	1076
2541	917	871	1666	801
14184	3794	5557	15274	3716
959	13778	596	957	354
7514	4867	6936	6074	96
1396	2017	474	1384	699
701	2325	3259	374	7164
36619	4842	33455	4828	4822
36658	27411	6706	20516	49960
512	3003	3001	38195	43600
36713	26068	24476	26673	60857
36734	54593	58313	21406	28990
18693	30720	7463	61770	51999
5043	5193	288	56	1076
15096	15104	16477	3897	13844
12	1142	246	2747	1666
441	585	573	9802	584
36852	36865	36876	20406	50138
33	17	31	26	225
552	7841	3955	17	68
4285	6631	36958	15774	56475
36977	27774	11805	34951	2099
36988	36986	36987	13815	4224
1564	634	917	1666	946
2314	2640	9113	558	2245
30652	2027	2350	745	966
37104	37110	15223	37105	37103
2451	6023	2145	146	3355
17	33	26	761	265
3060	3008	1293	474	928
17	33	26	761	265
469	2631	448	438	1260
3239	4623	4624	37202	37210
2741	9623	2425	2547	917
11972	11973	28058	10227	11949
1142	246	2747	1666	577
37338	37292	37313	37345	37314
2783	8612	21867	60950	21866
37433	37432	21952	37439	5754
2813	37815	52226	2926	3439
304	6285	2613	98	2623
5275	2623	6285	2655	21125
17	33	26	761	605
5525	3778	40939	8690	53226
582	4799	26	3800	295
1593	2623	762	6137	6285
3907	813	155	44674	9767
16829	11297	8513	4442	19375
23724	562	30744	585	37632
37654	32835	813	1361	2546
37667	57695	10602	44742	32667
2917	3137	2146	3355	140
19142	30151	19141	42136	55922
16471	15085	20650	1917	13844
1405	11928	26443	4072	10797
23651	25559	1593	6138	2623
37766	36444	32501	60352	9483
6005	4853	226	1066	347
33	26	761	265	758
2451	3904	2452	2975	719
1142	2747	1666	577	7261
4799	26	3800	295	19832
37858	38274	810	888	28296
484	466	3386	1203	69
37442	23707	34435	34422	4225
37939	37938	39105	58346	44342
384	2996	148	2369	9243
3117	2314	2245	9113	14536
8808	4166	25757	1804	13289
1188	288	1076	56	5045
175	17004	21252	17003	21250
2993	3907	172	798	146
246	3114	1076	3125	56
569	704	681	1336	4350
5193	5043	5526	288	643
26487	1494	1603	860	895
38130	2121	20060	1864	10221
8379	1331	745	2924	595
2478	288	1076	3114	643
577	828	2546	1269	4373
586	10437	2700	1195	42
288	246	3114	12	1076
38232	11195	29179	3175	4308
38031	43704	12450	2546	4373
38329	25309	7957	28726	58526
285	98	6285	2613	9141
38389	6631	56475	47546	11530
38421	29956	49109	20112	29698
38476	38474	13826	22136	42600
1293	474	3800	442	974
1142	233	246	22	1269
38536	38538	12822	38534	42726
246	1142	288	574	577
864	6	732	304	928
1142	246	2747	1666	577
33455	4820	25245	4822	7057
38606	3480	50940	3433	38605
38614	38617	38627	5982	38621
12450	2546	828	374	363
284	258	8681	545	4247
3	68	605	39	1412
474	928	442	430	974
3147	11098	11105	764	2758
38766	10052	27768	39285	6523
38778	2282	38783	14107	33215
2434	1066	643	1076	2478
8672	9297	5602	567	583
38860	30536	22287	38862	51581
22	449	11	605	3
954	43	13778	1797	3800
239	449	12	1142	1666
11054	44660	2838	1646	14771
25942	43927	49563	1757	43994
36621	4810	4918	1118	36619
19552	33355	27125	43215	3529
283	3	68	605	39
39082	39067	39074	58804	15486
34613	12864	3898	15729	2993
3	17	6750	33	283
16334	19451	4823	643	347
25962	27716	30193	18176	39805
940	13778	760	3147	596
39175	26398	42791	35743	59435
12	246	2747	1666	7261
1494	946	917	1666	895
1142	246	2747	1666	7261
336	44659	44671	10	1646
7162	5070	2434	4811	2541
2975	2110	4053	484	531
940	961	760	957	959
26671	56874	27615	27669	25047
449	22	605	98	506
91	3	701	16	283
17474	1117	1336	7698	1062
31	33	26	225	30
801	1142	2747	1666	795
19058	15974	12454	15977	19074
10626	24118	4710	98	561
39456	26723	53029	59346	55117
2640	39491	32846	2314	9113
42	8740	1398	17859	8673
1908	3044	13215	938	8824
2987	23966	44984	4312	2631
7591	12250	39572	7562	3983
39591	50439	32750	18538	4277
39655	45208	47770	11439	10355
39688	39687	51315	51335	16945
4117	12308	2761	1482	7515
38206	20558	56402	4007	59665
7839	3936	1571	7261	12
39792	7583	6637	39797	57489
5488	347	1066	946	92
22245	39808	37949	14882	37925
781	2613	6285	591	2629
31072	10056	39850	14571	39859
7270	9013	563	701	1209
5510	545	5642	4247	5472
1336	13586	7249	3269	18054
27037	39927	33751	9240	61795
91	3	701	16	10
253	33944	35849	14889	26417
40017	8647	21125	10206	4897
71	1144	26359	18522	249
30253	16354	16369	6963	4077
10105	58079	58088	10104	37989
40143	5169	2550	31962	15556
4002	2279	1293	2504	5649
7906	9938	1436	699	2238
577	12	1142	233	246
7839	3936	1571	7261	12
40255	37552	40254	42991	35124
1117	1336	17474	3269	4350
8104	8095	2640	15833	2576
6034	2317	5473	10439	7712
5274	6455	2655	2347	573
40343	38074	51956	40342	37648
40375	40382	40389	39957	19726
43	13778	764	3800	33
584	441	8550	566	56985
12	1142	246	2747	1666
776	1268	454	647	39
6902	32951	7333	35876	6181
3261	6973	1072	3125	1209
2325	3125	4442	563	374
40468	9562	12808	40477	1495
40533	40532	22779	29643	47749
7827	7841	552	761	889
26	17	33	568	265
22956	38195	512	9440	31515
33	26	761	265	605
5966	5188	6108	1195	20018
7019	2632	1975	31019	813
298	265	33	568	758
40699	10339	60319	51060	24935
558	2314	8090	2576	14536
40727	22	935	7402	561
12	1142	246	2747	1666
15490	19875	19832	17820	52948
7573	2202	13	9105	23104
703	6308	13777	12367	971
40858	50462	49097	41340	3437
3923	283	1412	68	363
23104	1422	14125	3258	1092
19851	40928	5025	47025	5026
40961	33707	17571	17589	727
304	449	11	246	22
1048	4617	20182	11202	45303
22	449	605	555	3
27	265	17	738	33
13710	1903	2680	795	705
14259	4247	258	2180	8681
2917	3521	31371	3137	3420
38122	2992	4172	29576	4215
35786	16027	7587	39489	11875
3	605	283	6750	91
10840	761	26	3800	889
1405	14355	8839	11105	11102
9141	304	573	285	2613
41179	28212	29362	23542	25563
3277	8230	3276	6975	53961
12	1142	246	2747	1666
41213	41211	2158	29250	41207
98	3702	6027	6	864
41250	13556	51353	53192	50689
41285	9599	46705	55805	50276
1172	2751	3263	4742	10248
12	1142	246	2747	1666
41329	12976	41320	41331	7051
5372	2987	23966	44984	2631
6	11	732	764	2167
12218	9303	41994	9299	1429
2303	573	383	2655	2613
11	339	732	1796	285
9815	9816	36800	59726	586
1085	1066	374	421	4856
41470	15721	20649	15084	15728
26	33	568	265	30
41555	16461	56646	42449	56636
384	2314	2640	2575	2627
974	68	283	450	1133
4430	450	3857	10	39
32	1301	26	29	281
288	246	3114	1076	3125
41668	6631	55923	20254	55728
7730	7784	2000	7736	7952
17	761	33	31	3739
6251	1617	5187	795	33631
438	1201	9490	2631	8695
2084	4175	4251	68	1205
3067	2759	43	8839	3237
17096	11631	5610	6333	978
14302	18303	18621	28198	41935
6785	297	39	6016	250
17737	9440	17738	470	3669
285	304	6285	2613	98
13845	7796	14330	16477	15096
7437	11	98	561	285
6750	3	605	17	33
3907	7594	12224	157	607
9132	13858	15833	9113	9108
23940	23939	3231	3125	6973
10000	991	10009	3683	3175
1268	250	776	454	7023
42113	1466	41075	11910	42654
3071	42131	42124	23131	11912
241	55	265	240	501
2347	8660	6845	285	7712
42153	813	1361	233	579
92	288	246	643	374
2027	26922	49246	1383	1330
2631	448	1260	3630	1201
3269	4350	3280	3136	1336
2917	719	3355	435	140
33	26	31	758	605
1384	442	3104	5627	5633
13689	4955	3067	11988	1814
42291	23790	30526	42289	18543
14997	860	5187	895	1617
17	33	26	761	265
15738	15737	15741	12728	15739
31435	10131	5111	42342	58102
29	30	32	55	26
42368	50928	55309	1012	8709
325	3970	6815	776	249
3857	450	13	39	5003
7598	131	307	201	5204
42516	26768	46851	28463	55491
33	568	265	30	55
6015	6016	973	3622	297
7453	33	28	254	234
8668	2158	9124	8654	2167
274	33	265	738	225
42591	2545	28	728	29
296	762	2613	383	2623
42614	9481	556	30032	2881
42652	1085	11321	12215	14336
285	304	6285	2613	98
1137	6160	5735	277	1301
732	6	3800	31	26
42732	3163	3432	3495	22206
3266	6826	3112	455	69
24119	25618	46287	6143	46288
813	4188	196	1361	1269
42954	42953	8644	3589	27139
15105	15096	16477	13844	15104
17	33	6	6750	738
15164	42994	46343	50858	14445
25092	17367	25093	25113	25112
500	30	225	29	55
17540	643	1076	3082	1066
43065	340	6055	19471	5485
246	3114	12	1076	3125
40751	14470	1200	638	1205
43115	43116	44529	480	41340
297	39	292	3125	16
12560	11025	3445	42839	38698
1091	3114	2913	643	2325
48	745	1331	595	3800
36784	9380	1524	10845	51247
3529	3569	38998	39008	2814
455	3266	2975	6826	3643
3112	6375	2975	3268	3114
8640	43310	3174	43295	43297
43401	19703	2299	2371	43428
3238	13634	91	233	2787
43476	158	23620	2994	43480
43513	19413	54729	25240	44676
4239	47	17	761	442
24429	5003	3923	7704	3154
18422	28502	51304	51990	6584
6027	4461	7573	3633	39987
258	284	545	2180	4247
3114	1076	288	930	2478
9873	291	634	828	946
17	33	26	761	265
21977	15283	15262	27675	23490
40851	6802	6800	43682	11070
26777	1276	4373	828	1269
3147	11098	11105	764	2758
13496	13806	22068	18378	4024
31410	3640	25314	3662	18550
124	233	1361	748	196
4137	1564	1666	1269	1142
9258	643	4867	1066	5526
9446	26808	2814	2809	2818
29044	12020	23476	43860	29058
6406	6826	3266	2975	484
13200	5182	12637	17441	2551
43971	44756	59420	44416	3152
1564	634	917	1666	795
44027	56828	32327	4945	29949
13299	26811	44030	2814	56363
1662	1564	5187	895	1617
18328	1017	53168	6466	19916
44107	38404	11075	44202	44105
776	647	1268	39	357
3114	2913	643	2325	3125
2452	2917	2975	3137	2146
9757	2189	35659	9739	2187
3355	1969	2975	33631	7046
2046	2047	3133	20199	2512
639	1066	643	347	1076
1091	3114	2913	288	643
22314	43758	1123	32997	47690
1076	643	288	1066	2290
33	26	761	605	265
4137	1564	1269	1142	1666
9959	7414	14952	14953	30500
3115	7705	591	2317	27678
33558	44324	44320	44325	10585
35258	44346	18608	10079	1612
44366	44216	58368	58183	52404
8326	30	738	33	17
44411	50773	50772	37561	37771
11743	970	6095	282	3706
44424	31976	56827	27870	58107
3969	797	357	1185	894
4276	10547	4253	984	5405
3170	7437	11	98	561
5532	55	26	738	240
44513	44523	44519	44526	8589
44538	27257	44535	32419	44543
1494	946	1564	895	1674
201	38900	6366	39785	131
1779	894	4442	466	930
148	157	23253	131	374
44692	56118	44672	60725	1655
8068	44727	32159	59193	44725
304	6285	2613	98	2623
4188	1361	1269	3921	233
1796	17	33	6	6750
732	17	761	26	33
7841	3955	17	732	3
9417	581	7723	55	241
39	16	3125	2168	288
44822	3694	44825	6638	3970
19856	4084	3599	5003	7704
17243	14338	44857	1599	6706
12	1142	246	2747	1666
1995	6023	420	2993	1969
2425	2747	801	705	1666
44940	58742	51158	150	58820
1595	29	31	295	27
19536	19549	18096	10307	2814
3390	601	50535	435	457
1666	2747	1142	801	705
45048	55815	44942	6656	34851
45078	61339	37000	59450	36720
5102	2196	363	1953	5018
5999	4172	552	2992	3215
34533	2651	34524	45159	13867
2993	3907	172	146	798
21342	6128	4350	681	24053
14435	35820	7031	41013	2612
24838	8036	24839	9034	7023
148	157	366	131	23253
258	284	545	2180	4247
3283	2003	449	978	3049
15113	3898	3216	7733	146
1599	13652	895	884	1905
7573	2202	13	9105	23104
2504	5650	12454	5627	3049
20698	45364	6292	48727	17821
45374	45377	1404	311	14975
288	246	3114	12	1076
19276	17211	10288	57915	41730
22481	22457	8440	22467	39853
45483	45450	58313	29643	44180
13778	1797	6	732	17
15306	45515	45518	12815	45516
17	33	761	605	265
29165	4373	810	2546	2913
246	3114	12	1076	3125
984	776	1205	250	1268
18433	124	813	7099	1361
239	449	12	1142	1666
1412	283	442	68	3
39245	996	995	50147	1000
170	643	1076	2434	347
12415	2993	15817	3781	179
3419	1895	3615	3431	3420
4855	12200	36669	1073	2812
5287	469	2631	3630	3388
2157	363	374	3668	17653
577	1361	813	1142	12
267	14303	46306	1452	5536
31449	5187	2747	895	2425
45889	17534	19885	19222	14680
45898	15900	407	45899	13036
3632	53799	3062	6318	43558
1270	92	3786	1779	1066
4298	4308	1247	10551	772
24268	24269	40694	49696	49693
46001	59743	42776	42821	48900
11672	46020	29206	17448	16792
16902	931	9897	1066	4407
17540	643	3082	1076	1066
356	1272	374	4186	1270
25003	5986	5724	52875	3917
3907	2993	172	2632	9767
46149	3676	9895	57519	35326
9454	558	2314	8090	9452
6835	3439	3079	7132	484
3345	577	1269	1361	2529
9724	10438	3232	12441	10467
2152	620	12	2747	1142
13174	1285	3800	274	241
1072	701	2325	3259	374
54552	562	585	587	559
5193	5043	5526	643	3114
13	7573	8075	3599	9105
605	283	6750	91	39
22420	19140	46410	1721	8031
46471	61488	20257	21739	32898
291	1142	634	801	917
17	33	26	761	758
430	442	3	776	283
15084	25639	1917	16480	20298
3137	2917	719	2146	3355
288	4442	2325	51	563
487	363	374	1209	2290
3676	340	11321	3218	643
3344	12	2747	233	7700
3	250	283	10	68
798	2747	35494	2993	2425
1219	4192	8188	5405	249
12429	43785	9468	38971	4064
46685	1555	609	7155	1571
4045	43	954	13778	8800
46764	4978	149	46032	61238
1330	745	2350	2027	68
2917	3137	2146	435	2975
3200	284	258	2180	4247
46846	23662	389	18398	19394
1076	56	3114	643	2478
3643	7381	455	9387	3669
33316	61715	10281	374	52044
647	776	250	454	1205
12	1142	246	2747	1666
3266	2975	6826	466	455
1791	39877	1864	1032	12208
199	18144	60730	51070	17036
7800	68	1209	430	701
40619	29405	3983	3973	17842
3731	567	9312	583	708
18693	30720	7463	61770	51999
4131	9161	17437	23701	17425
44157	30986	3334	46872	7167
5029	47123	3599	5003	47129
776	250	1268	454	647
2747	1142	1666	801	7261
47189	3215	761	6608	14163
304	6285	2613	98	2623
8347	555	16	31	449
17470	37158	37	23073	3655
449	33	239	30	568
47345	35818	47314	54222	18298
514	1203	249	71	3386
12471	12470	12468	12441	3232
47422	26102	14256	12629	40324
2613	285	6285	383	572
1085	5488	3786	2881	3676
13778	1797	732	764	3800
761	732	26	3800	4239
3030	1272	5906	421	12748
748	813	3344	196	3921
47535	15022	25451	40037	20504
10819	2720	16182	6443	2303
24875	7796	14330	4144	1939
754	9	295	55	30
22707	8558	34707	52475	20319
663	2196	4281	4077	1293
3114	1076	288	930	43600
42331	47656	34782	22142	58837
728	274	12078	1169	1319
304	6285	2613	98	2623
6056	884	1494	871	899
34720	47809	47755	9784	9212
43	13778	954	1797	4045
356	1272	374	4186	1270
48316	48315	27114	54171	51787
48336	14657	31361	4328	48334
11515	9893	2410	48353	14399
438	1201	9490	2631	8695
48392	15808	56735	46905	56436
43769	33082	20502	9483	35639
798	3207	148	2425	2747
48446	13215	20776	20769	20770
29899	51056	935	39590	10234
44734	57409	57397	39548	57400
8031	3355	140	11689	3550
946	3676	1372	1494	6056
699	474	2017	91	1436
196	1361	1269	3921	233
3907	146	172	798	131
48640	48639	1807	36257	49076
48656	3215	34151	735	11079
250	776	1268	454	647
48670	48675	2259	36763	15856
26443	4072	10797	311	1391
42783	47301	27853	43129	42053
48740	42479	22409	7595	8565
552	11538	5621	24540	7841
616	2512	1814	3133	1818
38055	16415	9815	586	8669
2935	1007	10281	1026	6973
6010	974	699	2196	474
32	55	9	1301	30
4120	48816	12488	40919	48818
48845	11816	29553	24211	21616
467	484	3112	2791	325
48858	48857	49664	1288	24951
5072	46691	7841	2827	16943
246	643	374	3125	357
48893	48892	48895	48889	48894
28670	4460	11400	3208	58170
4305	9034	7023	250	776
48948	1224	1155	1179	18652
5590	250	776	1268	68
12004	8838	3803	8800	5694
17780	2993	2994	189	179
573	383	2613	9141	2347
42575	49020	49009	21800	49019
438	1201	9490	2631	8695
90	5193	3082	643	5043
2990	239	11	935	3045
56	3114	1076	288	930
12304	33047	25446	12345	12305
6406	6826	3266	6837	2975
560	1528	1796	1398	614
49236	48294	47326	48293	45558
4726	54719	20101	39723	4009
325	3970	6815	776	249
43806	34526	49310	13917	24300
49331	18409	8001	20274	56476
146	34613	12864	3898	15729
49364	32006	18259	49312	23496
24188	22975	39006	49375	33212
1524	37225	151	51085	61547
49402	31233	48581	25862	57249
22290	60885	46551	60403	17603
3	605	283	6750	17
21193	2214	4045	8800	43
11054	44660	1646	2838	14771
89	57398	731	19398	4852
7792	146	2993	147	172
5020	5003	7704	2753	2696
3112	6406	6826	3266	6837
5956	1036	8217	6638	3970
2491	5193	5043	9255	5526
49607	35547	49868	12614	36849
49648	49631	49623	49630	49632
33	761	265	605	758
1144	26359	18522	249	252
55	9	32	754	225
196	11054	44660	124	748
49710	14412	60812	6226	46126
49718	49716	12059	20049	13079
264	5455	2924	1285	4735
49749	3137	9729	719	12432
24142	19150	6292	2096	1852
91	3	701	16	283
11923	23812	26347	20992	28042
14881	6066	2509	505	694
454	776	250	647	1268
1272	374	4186	1270	6124
2202	13	23104	1407	1092
928	91	1291	3	474
340	1066	347	2290	643
155	124	2632	196	2838
2791	1076	2434	1066	1779
50002	49998	29509	50023	41149
50067	12142	10719	45772	10199
2631	5372	469	448	1201
3044	8824	1908	20785	20780
25700	48516	41380	19205	43509
50188	50187	32192	54034	61646
50198	48049	44377	55295	1934
1743	1372	4864	643	2290
6143	588	7698	1336	1062
50248	27523	46584	18696	10467
1330	745	430	2739	1293
3207	2425	2747	2993	2547
4885	450	3857	5025	3599
246	3114	1076	3125	56
4053	69	438	249	3970
233	634	239	1564	917
5857	2168	5138	5830	973
3	605	283	91	6750
776	454	1205	68	984
1142	246	2747	1666	577
13017	703	6308	539	14983
27520	27523	50248	46584	10467
265	26	17	33	55
50600	47715	11824	11814	48531
50633	35061	6508	12754	35638
43377	729	1133	1208	1394
42342	24137	42343	31435	19632
16394	565	17678	12056	16534
776	1268	454	39	7023
50705	27956	45759	50473	54057
1268	454	39	68	7023
43223	1494	946	1564	8108
12864	7117	50722	146	1919
50729	42406	47360	35572	57898
13958	2695	50703	12035	24847
14551	6917	3661	3646	6074
29126	37770	50773	35338	11587
6766	2158	11	9124	555
50871	55722	39079	14068	50869
3110	6371	3266	6376	6370
16398	7800	68	26511	1208
776	647	1268	283	984
1779	2277	4401	1066	8513
1355	4864	643	1066	639
2282	21345	466	1725	1727
13027	3716	2968	735	6
35421	44674	48447	196	2632
3970	325	776	249	647
8884	582	254	4799	6095
26	761	265	605	758
51121	30408	36589	11600	44575
51124	50350	2538	4344	730
51141	59615	22550	9899	12583
51150	1153	894	259	20329
735	15274	710	2728	596
3278	3266	2975	6826	435
356	1272	374	4186	5459
6904	1436	7306	699	10151
1384	442	3104	5627	5633
32	225	55	26	295
450	10	13	3857	974
614	1528	560	1398	339
454	50903	508	7023	776
51370	20243	53153	53391	58800
3721	24914	55	281	13777
3907	172	2993	2632	7099
51411	13770	3512	51413	3565
285	304	6285	2613	98
31610	48953	58837	21211	22342
51475	18271	34547	34548	25636
40684	51481	7063	51488	51490
288	246	3114	12	1076
25394	3936	2127	7839	2547
51544	51554	5487	10072	40508
51595	51594	37857	49265	56576
3	91	374	1072	98
50	2787	3238	13634	3239
3788	2759	4045	13778	3067
124	233	1361	196	748
9308	14049	9303	9299	51650
1587	1564	899	1494	634
41305	2238	8712	4790	9348
3208	699	91	5207	474
131	39785	705	7839	2425
3781	1372	3797	6244	3798
51818	50996	52712	16850	32623
26351	6249	42595	42591	6970
51859	51857	38848	46192	40517
51895	37193	37199	13531	49431
3819	16022	16073	3820	51915
1426	3076	928	699	474
18928	45818	23645	32222	18909
438	1201	9490	2631	8695
171	6576	5720	226	3328
51979	14580	51980	53217	12861
449	22	605	506	239
51996	51998	10131	4159	3988
243	1308	240	261	684
17035	15380	1466	37735	18987
798	3207	148	2425	2747
3266	2975	6826	3643	466
5094	266	2854	31	52
10697	12036	3987	4250	20693
52116	7886	52123	11828	4062
26261	55728	9218	4956	43347
3125	563	3	2325	4442
304	6285	2613	98	2623
3207	8086	3344	618	12837
12	1142	246	2747	1666
4172	552	1293	430	7841
52248	52247	52249	54498	52260
69	249	3970	9490	647
17	33	26	761	265
3985	3973	2196	3975	7591
984	776	1205	250	1268
52317	53764	47627	38670	13328
28775	24396	813	1710	34702
5043	5193	288	56	1076
1142	246	2747	1666	577
24461	22457	31072	10056	39850
52417	53086	35690	35689	9459
3630	438	548	448	5372
5532	55	26	240	738
1142	246	2747	1666	577
52496	52501	4695	273	1957
4053	438	9490	531	2934
46043	38956	24500	2897	1236
52533	60885	44721	15448	31746
704	1336	1663	3269	1117
52546	41465	15721	7779	20799
52555	36389	50330	61478	61114
23184	375	10699	884	14401
12236	1545	2121	2555	16
52618	60918	26201	47796	48407
52621	9953	12331	7085	7046
14617	11136	6027	4461	10102
3426	6827	3468	34092	3388
12093	39243	45744	43596	12094
5594	1308	505	240	295
52718	15424	52674	17538	38833
13777	225	29	55	9
33	761	265	605	31
917	871	1666	801	795
4247	284	776	258	249
3955	16127	26	761	7841
3154	3	6750	605	91
7587	39489	16027	9765	7541
52840	3828	27864	44558	48548
1957	38182	52210	19390	20665
249	776	3970	9034	984
1142	246	2747	1666	577
20992	20994	7310	32751	6631
11179	20384	11178	1980	16317
1293	474	16	1422	1317
7261	7839	449	239	254
52997	52996	23343	52994	52993
35052	53031	35048	27778	33104
442	430	474	3104	3
23316	23335	12403	24080	6466
13	450	17	3	3125
53209	2948	19154	41219	7018
53224	51804	57919	54966	24937
148	157	366	131	23253
14975	13432	1391	13426	342
572	2629	5267	5275	8662
285	304	6285	2613	98
53299	25596	10816	60885	30373
2697	1564	6130	2529	946
373	16267	16236	18983	6487
561	3170	11	98	22
27763	9387	27358	31927	4769
3887	14327	15095	7796	1919
53360	53364	53357	23304	18509
563	701	3125	51	3
466	7132	1779	10246	3166
6130	12	1142	2747	1666
577	1142	12	7700	449
2152	620	1169	1142	2747
32784	48650	48644	23938	24647
53507	53506	23386	24524	35595
3970	325	4253	3386	776
3	283	6750	91	39
7423	24951	22929	432	971
3	605	283	6750	91
19636	51217	51218	14476	19516
18057	2655	2629	6285	5275
296	762	2613	383	285
17	33	761	265	605
265	33	568	758	55
5142	577	579	4373	3345
3168	3420	1201	3498	3390
587	562	15691	585	10690
35929	14083	28149	5646	14090
22329	1899	9365	38120	9817
53791	53790	36849	43486	29801
53839	53820	53806	9715	53829
791	2541	793	1666	795
6455	2655	2623	2303	287
53899	33547	41264	34703	20985
5820	55618	55334	18861	55333
3857	450	39	5003	13
304	6285	98	2623	7712
467	466	484	2791	2989
2554	1291	1293	430	928
1615	1614	44365	29411	11808
236	304	449	11	246
50	2787	3238	13634	3239
54068	58994	26940	52952	29978
8692	5062	5408	2562	15757
1144	71	26359	18522	248
50944	32010	19481	52732	29008
474	430	442	4170	701
38844	31188	54218	39422	54222
26	17	33	568	265
634	1666	1142	12	246
54243	22952	46170	3759	41119
54375	15516	47859	54356	28596
8554	37725	34414	28663	27262
3	605	283	6750	17
3114	1076	3125	56	730
54446	54458	27144	54450	54447
91	3	701	16	283
54557	38385	47175	8474	3075
3936	1571	2747	798	1666
12342	32107	1260	448	469
6826	10976	466	484	2791
10095	36904	37932	37930	36893
5881	1085	3030	41781	421
4	6	16384	768	764
26	33	568	761	265
2959	47	3800	595	889
1791	39877	1864	1032	12208
28111	5566	12241	5733	26664
948	1257	2168	3622	297
38502	33344	51581	2281	18176
9171	9143	3927	2059	9135
430	68	442	776	3
4186	6337	374	356	3668
54840	54839	5174	57480	61222
34613	12864	3898	15729	2993
9623	2747	1666	2529	12
54873	54874	3632	4171	2279
30032	29772	1271	9481	34719
246	3114	1076	3125	56
54884	7132	2497	3079	54892
647	776	250	1205	68
12735	34906	15392	7322	15212
54967	54966	47629	24493	47624
3	605	283	91	6750
18564	51	2990	5627	91
1564	634	917	795	1666
18750	45658	39267	4886	931
12307	265	55	17	568
24182	57503	6780	457	3546
3	605	283	6750	17
25583	25578	25579	25580	13836
38797	38799	38778	1725	38785
24716	24715	18182	34716	58975
6850	6851	11332	31699	36255
3	605	283	6750	91
340	2290	3676	1066	4811
53213	59841	16664	25483	55218
55248	55241	38056	11799	35125
1922	55263	35496	36207	36209
4652	552	5621	11538	25473
12	1142	246	2747	1666
1779	894	4442	466	930
42368	50928	1012	8709	39139
15058	15172	457	3439	6680
55346	13937	13936	55359	43564
2102	55361	55367	55366	45275
9956	35659	620	2913	2152
55404	41570	1032	2101	6033
55469	55468	39453	55356	3545
16058	16108	54414	52959	17114
1396	2017	474	699	1426
23513	23509	9450	17281	19121
55561	55563	6423	55554	55556
17	33	26	761	265
37603	55620	55617	54692	33737
297	2168	973	10	39
53956	55645	38875	24727	47600
4700	2325	1072	699	474
28333	39345	55228	55698	55693
12	1142	246	2747	1666
16394	565	17678	38350	50686
5187	795	2747	801	2529
3874	3716	735	9333	149
1563	2519	1666	6130	2747
43266	24892	1024	3268	28859
562	585	10690	584	8550
55863	3441	2975	3266	11004
10036	1596	460	1548	1284
7827	7841	552	761	889
1765	2408	170	1066	2434
35302	6042	12409	52463	24956
212	16615	37941	59402	59405
18225	2962	29868	374	5460
55964	559	566	56982	55966
24641	357	5069	894	896
52896	35089	13942	29470	3040
7129	749	512	3166	7121
12864	146	34613	3898	15729
22651	57452	15137	53800	30459
56094	56093	56101	40665	56096
56117	56118	49479	56116	18857
342	311	52775	14975	27788
51	246	239	3668	449
98	236	285	304	449
844	18460	42149	6128	797
442	3104	474	68	2753
17	33	605	265	31
813	11054	44660	1646	124
6017	12	1142	246	1666
33	761	605	265	31
2856	240	694	1308	298
16124	15735	50290	31657	47921
23017	13174	12345	728	6967
10770	374	557	5460	1275
56364	42735	56380	56382	14609
6	732	761	33	1797
47259	47275	9763	15725	47289
40905	56449	31516	10721	13327
56505	4796	48800	57226	3984
2562	643	1076	3114	288
56523	25005	56526	4263	56524
56562	42054	40791	32696	56481
2017	701	91	699	374
17	33	26	761	31
8090	2314	2640	2576	9113
56647	14952	56638	14953	36514
3	2990	16	246	701
56705	50147	1000	56696	56697
1528	1796	1398	614	17859
246	2747	1666	577	7261
284	258	545	8681	4247
23130	3235	18363	4769	7366
34916	44546	34909	15397	30828
12951	56812	28109	15079	40415
52697	56821	29601	62	19844
56844	37589	24262	56836	42258
1092	3125	3	563	2325
304	6285	98	2623	7712
42448	8385	25161	1272	3218
2629	2623	296	5275	6285
3732	1765	31183	31241	2442
17474	4350	3269	24118	1062
776	1205	1268	647	454
435	2975	3390	719	3266
304	6285	2613	98	2623
54463	56721	56959	3001	471
22	506	605	239	555
1222	1189	13646	50228	21599
6119	6095	26	712	889
3114	1076	3125	56	730
17	33	26	761	265
13845	15104	3897	15096	7796
14789	17257	17256	496	9490
430	68	442	776	3
17441	5182	25679	42991	155
1797	6	732	764	3800
24212	53398	42294	4572	11984
23253	157	131	2993	147
28614	28607	946	28613	4137
8534	20680	30810	36882	23949
3125	2325	4442	1092	14806
1167	577	1282	3345	5142
20072	13082	2521	2121	22694
57226	51759	31734	6897	17164
288	246	3114	1076	3125
1076	288	56	3114	643
17548	27098	45179	50646	248
5899	25245	5880	5778	21856
33	26	761	265	605
12	1142	246	2747	1666
1969	636	9801	3355	1617
1826	2512	616	2046	2038
1666	233	2747	449	12
172	3907	2993	420	4542
549	29	7	30	1548
19336	2945	5808	35283	35277
56	1076	2478	1376	1091
917	1142	795	1666	2747
1969	420	3355	2145	9801
8086	146	895	147	3207
9729	420	9766	731	6005
797	894	357	508	288
6366	15817	7839	7261	2747
4116	3238	8894	98	699
53800	32371	57451	57453	5095
9406	57464	33966	57461	41994
605	283	6750	17	91
6783	22791	57503	6782	457
223	227	4168	6913	18609
57541	3607	36102	51393	16333
258	284	545	2180	4247
563	3125	3	51	430
8662	16384	19475	572	26681
41030	42064	7906	4814	28338
57630	15598	30308	31055	30992
1032	3842	2121	7952	1864
760	959	43	954	957
605	283	6750	91	39
55276	40479	39237	46622	6974
3147	596	8839	4	9338
6820	11269	3386	3541	26384
57699	25103	13552	2309	55676
574	246	288	12	1142
1789	57723	56309	57741	51918
1398	560	708	3731	583
57798	57801	42157	57800	48540
32131	42058	3448	42059	11004
57844	43758	53645	42973	21211
57852	57871	10291	44603	57856
3154	3	6750	605	91
10	39	91	450	374
2145	3355	1969	2975	33631
57950	727	33799	37988	13444
57969	59641	28912	59645	33234
12561	60340	46281	51499	34644
58024	21091	19042	11676	36606
58055	58054	36316	57449	3349
2167	8668	58077	4872	716
953	55	501	30	758
68	430	283	3	974
47986	47963	47828	48123	47939
58117	36184	6181	51304	48315
9646	29039	11708	22083	43758
347	1066	643	1076	1564
1142	246	2747	1666	577
3147	3749	8839	4072	4
36938	25477	7333	53078	6631
1209	68	974	430	563
19336	35283	35281	1293	5278
4253	984	3970	248	776
28021	3954	23877	2881	371
13758	14080	3112	6826	466
10766	30337	55891	53327	50464
28452	13228	4160	13494	1436
469	2631	448	1260	3630
172	3907	2993	2632	420
54182	19306	34586	32323	6253
777	22835	1126	26514	50321
3599	5003	2696	474	2196
3891	7594	7792	147	12864
1201	9490	8695	469	3630
4169	699	23	2238	2017
58393	28510	28520	14652	15774
633	48457	19387	58402	26325
1766	7402	2545	3045	900
4186	374	1270	5459	1085
2434	3333	3328	170	9493
2744	12058	10233	11515	5431
29776	17520	44857	8501	58464
15139	31842	33150	25186	5396
15015	11538	552	11539	11391
10	39	450	91	374
10565	10332	23805	2029	44685
58599	60232	21946	23567	60440
47622	47621	46925	47625	58605
3786	1066	92	643	2434
56862	16875	2715	2726	5629
1826	2051	2038	1814	2047
43	13778	1797	6	732
3207	131	798	2747	35494
34892	11505	33354	10307	39006
33	761	605	265	758
1426	3076	928	699	474
442	1208	608	1137	2739
26147	26144	26158	2773	28875
33	26	761	265	758
17283	17281	6837	23509	19115
5987	1003	4156	56702	7508
17	33	761	605	265
374	643	246	10	16
9431	14070	7108	3166	5431
48003	8240	24709	32298	14193
23104	13	5003	7573	474
284	258	545	8681	4247
741	26	761	17	33
26	17	33	568	265
58940	59646	4998	1453	36715
374	3668	2881	643	2325
7841	68	3955	17	732
4184	15573	9032	57677	34951
4349	12036	20693	12384	20691
454	776	250	647	1268
124	233	1361	196	748
58996	29978	59002	9064	26919
59039	20101	21082	60521	21091
3147	3749	4	10802	4072
798	35494	2993	7261	2425
92	288	643	246	894
22249	5593	28268	7264	59122
55503	10348	59150	59147	13765
3898	34613	15729	1939	12864
13561	60994	49583	44308	52344
131	798	3207	148	2425
1067	52816	34485	20249	50703
310	4895	5926	35091	5590
52365	43961	59248	29707	29462
2408	288	1076	643	1666
8327	10	39	5137	6074
17318	17317	17309	17299	17319
44448	30343	29397	29417	51304
13083	5308	383	11838	287
19500	17159	49891	10288	44260
40659	12720	18424	2511	43627
1071	9686	44926	37756	17147
17603	46551	60885	53046	37878
34243	41666	1760	1727	18843
59432	49036	49515	38757	53186
12823	18911	12405	249	1219
1563	2519	1666	6130	2747
40406	25444	36552	6310	36540
59468	59475	38118	38375	41071
59260	45195	61339	35661	61866
441	566	585	586	562
3269	4350	3280	569	3136
2576	384	2640	2575	398
288	246	3114	12	1076
4684	4700	2238	25745	23994
8355	16354	1408	3221	14125
4835	4836	36893	4834	10095
5050	13254	13227	4004	1025
46129	61093	18697	8086	55258
39481	39468	4012	1519	9806
9977	984	776	1268	250
285	304	6285	2613	2623
3112	3266	2562	466	643
1066	643	347	1076	2434
574	246	288	12	1142
38195	512	31515	6776	2814
2631	469	3630	448	438
12	1142	246	2747	1666
577	12	1142	233	246
758	26	265	33	568
30784	23742	585	10690	26484
484	2939	69	3439	2951
59896	8952	6191	9703	59893
51918	57723	57733	57747	57725
732	761	26	33	3800
59974	13473	33720	57850	36352
4232	26829	4172	2992	5025
59996	60006	25309	20071	28483
3898	146	34613	15729	1939
17	33	26	761	605
60055	25455	9510	37960	43026
146	34613	12864	3898	15729
258	545	4247	2180	10
60090	58016	18849	54966	50864
1201	9490	8695	2631	469
12	1142	246	2747	1666
37630	20593	60113	60111	52511
6748	2694	296	2347	383
2975	6405	6826	6375	3112
44865	60209	47692	43519	22708
55742	60258	60289	763	15472
57105	57101	24206	26971	41480
246	3114	1076	3125	56
51	239	246	449	98
12	1142	246	2747	1666
32724	41267	59789	9330	34091
60412	60411	16047	44942	17426
5557	3794	12045	732	5500
1142	246	2747	1666	577
14664	4883	3676	42404	46873
474	430	442	701	68
2753	442	430	1293	5003
9450	23512	23509	54010	23510
28861	31941	28862	16255	43758
16034	20139	34947	16014	35559
654	647	1026	2935	2789
24918	24914	30	32	1571
7510	5830	5885	2168	292
59266	50851	30550	9058	35619
586	566	441	585	2700
11195	9892	984	5590	776
3800	563	12458	1293	3125
17237	26220	6765	14879	12420
2791	466	56	5055	2989
60657	32207	60648	60653	60660
8358	60696	10139	395	60686
10737	7594	23253	157	12224
60729	60728	60561	49300	33528
4061	10131	699	2017	1436
35980	15753	8177	8529	15748
49371	10717	16292	28121	15872
31647	31645	31609	36978	24452
31	33	26	225	30
60862	60861	51071	24345	15890
13109	6391	12233	34655	19975
738	225	33	30	265
1218	49302	26962	12405	10132
1969	420	3355	2145	9801
288	246	3114	12	1076
2541	917	871	1666	801
60962	60950	43213	57940	60961
2568	304	285	6285	21125
11054	44660	124	2838	1646
17096	978	17097	1596	6333
3874	3716	735	9333	149
12339	607	201	131	35893
6753	2629	383	572	7712
2369	771	2996	9243	45215
13844	15096	15085	14346	16477
179	19135	2993	12063	7784
61119	9798	14950	60498	26049
5837	284	258	4247	8681
3921	748	8152	4188	6085
1331	3800	745	47	5505
7404	55	30	26	29
61167	434	43668	61169	38309
1153	357	894	16	776
9765	16027	39493	12911	9669
605	506	555	3	33
233	577	1142	449	7700
4038	61252	28990	4037	54593
13778	1797	6	732	764
3174	15789	3683	24806	10000
33	26	761	265	605
2277	1076	643	1066	288
761	605	265	31	758
261	31	33	26	254
894	357	1779	288	797
250	776	1268	454	647
61371	40152	9273	24293	41240
283	363	1209	39	2325
61399	58215	47179	54929	52305
246	1142	288	574	577
61416	58676	30282	17903	50143
4784	45590	35091	37545	16890
895	5187	2547	1494	1564
3638	2434	1066	3666	3273
5590	250	68	1268	357
8114	47890	33627	31954	47889
569	681	3269	704	1336
285	304	6285	2613	98
19509	14766	17159	10288	39321
61575	47644	46450	43032	8970
43248	61590	42946	3669	2489
9798	48852	34278	55485	50703
47076	36184	58117	6181	51304
697	501	20341	55	728
61637	19034	58266	58273	58284
61664	61652	25773	58372	29384
274	33	265	738	225
8663	384	9243	1368	2613
4542	172	56	288	1236
1272	23358	5906	12748	3030
8373	1384	474	19016	1397
13340	13332	39578	10141	13333
3630	548	2631	5372	438
33464	18377	15403	5569	12891
6530	2347	2655	60117	7712
33192	19582	21937	48997	5283
3599	5003	2696	474	2196
34358	61873	61865	61868	61881
