978	8364	555	569	3708
85	78	466	3005	3523
5182	17544	189	24495	24250
5386	9158	23002	5646	729
569	3194	2031	1150	30
792	33183	8661	9716	16216
403	60373	19102	40320	28328
446	457	459	439	35509
3952	711	280	480	376
357	5614	6703	5616	9399
653	2790	480	3072	3952
726	3206	13017	3847	4110
1500	1543	954	635	1231
2031	6343	978	569	35
1034	6380	1097	361	4883
28265	50186	38096	61487	21780
2774	15758	8690	342	1172
1313	48100	12654	45878	54144
1420	18970	35312	58486	35424
1452	33843	28993	20983	4059
17819	51193	37439	4182	45349
1989	4042	5073	2198	5105
1500	1543	954	635	1705
35661	2189	44151	9728	34623
2229	55233	41882	14971	58144
7701	2720	2336	3127	303
7530	54758	2415	20036	2427
954	1500	1543	1685	797
7701	582	2720	2336	284
1494	5614	5616	6703	16503
1500	2724	635	954	1152
1071	4298	153	9886	649
2842	30744	23819	14826	52849
2899	44396	2900	52553	51763
760	3169	7128	10244	3005
5614	6703	5616	9399	5536
3931	7505	1097	3178	4191
3235	34724	19206	1086	1736
3261	3292	60916	1479	41275
728	555	8364	978	6343
3519	3571	12527	3517	55923
5069	3271	444	57809	27460
2031	931	22	7959	565
3678	1097	480	3220	10250
2031	22	7959	1003	28058
3762	3761	54708	36398	20711
3600	1436	711	2198	2666
3802	3807	2472	3837	12142
3947	3946	3343	4194	5417
4112	26846	3812	57356	26573
4180	7256	2084	2278	47183
5908	4184	8021	5595	770
5484	1071	649	4298	1097
55663	46430	31961	40806	8610
5484	92	4413	4415	2640
91	711	3155	1306	911
4516	339	35912	18205	2167
711	9158	1850	1436	1140
4663	1436	8337	711	1406
3194	30	569	8364	2031
104	12880	4128	1999	8089
1343	753	12895	8360	14180
9158	711	4174	1436	729
5207	1711	31779	10723	24334
2182	5245	476	2587	5264
3946	4194	5417	17196	5421
2441	4901	4877	6058	4908
1500	1543	954	635	9
1071	649	4298	153	5160
91	711	1462	3155	911
5685	52950	54035	9924	15460
569	3194	2031	1150	1
5785	26526	1702	1699	53884
5831	36599	45913	48033	52893
5948	15913	56738	15546	25823
569	3194	2031	1150	30
2720	2336	582	389	7701
6075	52337	25111	44284	58639
7701	2720	582	2336	284
6174	39250	34554	46346	36025
91	711	3155	1306	1432
6256	36659	34074	53019	8616
7701	285	389	2336	2720
6309	6314	6293	19149	59152
281	2185	5835	271	536
6380	1097	3931	12398	4191
746	401	370	9113	8648
6640	28214	6634	59965	48376
4071	339	32378	4516	2167
569	3194	2031	1150	1
5149	296	2173	974	3627
50626	6871	6550	55905	1436
6944	18835	17549	12137	19485
13017	3847	3206	3717	5515
7029	49578	48608	40686	9068
649	6058	4901	4877	1071
17087	7204	51956	18430	43459
2301	2278	7256	1705	1500
3343	24039	31100	61132	42251
2588	2550	6999	2832	4947
2925	1867	919	8517	1094
443	476	2182	4725	1254
7517	476	4725	2182	443
3070	1432	3227	1297	3923
7601	637	37704	1742	30094
7607	7656	7085	3244	7614
7719	33175	52130	26958	51805
1500	2724	635	954	1152
7849	35322	58352	26846	16205
5070	1436	1850	2235	711
3005	3120	2567	467	2794
7954	20061	7972	46348	56407
14888	2567	23863	39347	1766
3925	571	40078	23587	24038
575	1705	1500	2084	5603
9647	48922	8283	8302	8256
3	5149	34	4405	3838
3344	587	5153	11354	8055
8412	8422	8433	3894	2468
4122	55905	29394	14647	9925
2720	7701	582	2336	389
8514	7011	16866	919	9886
182	10746	25384	8533	12220
7701	2720	582	2336	3127
378	1436	711	1406	8337
569	8364	3194	713	6343
8763	21642	13146	25416	21635
10	14180	753	8360	4007
3649	14348	36415	1097	12160
8924	48468	29799	55320	24301
1458	42075	54209	24635	57301
1509	8994	53056	11592	53099
9041	28181	49119	42560	50494
3708	569	978	3194	6343
3952	711	480	376	1850
9275	41563	27175	61136	58234
9312	1423	25156	561	15290
9445	9444	19575	22446	33178
9504	1108	37766	57116	30898
8021	5595	5908	4184	9597
9662	20671	53007	40829	44941
3337	954	1500	1705	13511
35661	10440	35650	54625	10438
48423	19113	11321	1705	20195
582	2720	3127	7701	389
1867	919	1094	9886	1071
1500	1543	635	1705	1231
9927	1462	1436	24206	2553
1742	16866	4214	919	4908
10037	53300	58897	56410	10036
91	711	3155	1306	1432
10115	48525	27384	17691	23488
10165	55172	34606	48591	146
10208	59139	18868	21365	35597
4901	649	9886	4298	153
842	126	2588	2550	6999
10359	10391	26377	10372	10377
2182	476	2587	8701	3780
2031	1828	22	1003	978
1377	8021	52082	4184	5908
8089	35496	8290	15113	8296
3498	3453	3482	546	14206
10676	11657	42753	28576	41193
10698	58029	759	3226	15819
48401	48397	10722	10746	23212
3952	280	1943	376	1387
2234	12771	25159	13243	47464
944	740	46495	2760	3727
561	570	17859	17880	602
4616	8300	5377	10895	3779
5512	33057	11969	39421	17655
10976	10975	34606	40239	37338
11061	15451	2789	53603	42075
32645	769	5713	339	11092
9158	989	711	1436	1022
6928	44561	29776	23448	11435
11191	11195	11200	11209	11220
7701	3127	582	303	284
11320	11319	28435	8324	53620
2550	842	4194	11352	52130
76	546	612	2960	3372
11435	27595	1075	3660	38399
3443	549	476	4725	2182
544	1547	7836	11405	12895
11591	38399	32197	53095	50982
91	711	3155	1306	911
569	3194	2031	1150	30
2031	3194	1150	1462	235
11774	11773	51447	30627	45509
3655	3638	12160	649	4831
35790	15984	35771	46106	46077
569	2031	1150	1	8364
11945	3113	11970	11959	2278
12009	49271	24924	37304	11647
3708	978	8364	1828	35
2031	615	10839	1462	711
1172	923	926	5484	4758
5614	9399	6703	1494	16503
12251	6993	36331	25619	24643
12268	12270	32303	27049	12263
1500	1543	954	1705	1231
4666	24261	40128	6218	18868
257	519	81	1149	23960
2724	1500	1705	1543	954
1766	2567	6408	6429	40413
12411	57230	20668	57595	36940
2790	3678	10250	1097	9591
12643	28765	19162	12656	9017
42827	53721	3271	438	4511
29516	18777	6950	5163	44820
12748	11682	32054	27156	6843
942	24	4003	8796	8841
1103	11327	3263	4895	649
1500	2724	635	954	1152
4029	46078	24011	12907	19831
476	443	2064	5351	8701
12951	27128	27121	55854	12954
4298	153	1071	649	4901
316	2336	766	7701	25671
6533	954	1500	1543	1619
13149	55024	35303	42630	33299
1071	4298	649	153	3080
13255	44859	25345	52179	20659
3	5149	4405	3838	463
15856	44165	2184	35190	4059
4638	2834	2064	476	2062
602	1554	27858	1532	599
13504	23819	14826	4576	23803
10587	13065	27591	4813	49062
1500	1543	954	635	9
13658	13629	10679	8908	2031
734	5515	116	2031	737
2063	2587	476	2064	2062
156	6069	13656	842	1340
13960	13911	36599	48033	45913
3708	6343	6244	978	8364
14020	17104	3761	6442	33456
1500	1705	5603	954	1543
14070	43097	14085	35892	54884
14111	2064	2062	4669	1254
711	486	1406	1850	1402
1071	4298	649	153	4901
3708	978	8364	1828	35
9044	43741	14310	61757	38925
1999	104	4128	7798	14328
91	711	3155	1306	911
14394	37149	28058	2031	14158
3196	12880	104	8089	32219
14403	36811	49692	105	2903
14502	14210	60506	28435	49978
14549	21457	36799	566	10463
2790	480	3072	3952	711
3380	43517	43099	8304	3431
2889	1097	4083	3199	4191
14712	59447	4182	14714	14717
14776	16646	2031	23438	57544
476	443	1254	2064	4725
476	3625	2062	14790	2587
14849	17619	4174	1141	729
14889	50485	23186	5706	27088
4131	44165	4267	51802	44003
3641	3220	711	4706	1097
34717	4179	54577	15000	34205
4442	2031	40	5494	3131
15045	2984	3169	9851	38304
12880	4128	8089	3196	2113
4870	3600	23003	14524	5053
15155	58326	15410	15168	15949
6533	1500	954	1543	1705
1409	9295	9312	1423	561
561	570	6121	17859	16531
15341	34672	1727	61136	41717
13017	14	3847	3206	3717
5484	1869	92	4413	4415
15407	13732	56997	57005	13147
8364	4762	37	4226	3194
15560	10517	5606	41655	33961
15620	15913	7911	10710	31472
15658	19368	16756	19969	51568
842	2588	126	61300	6999
1719	15006	2901	40278	46848
25384	3895	34381	3078	1742
15776	37520	16265	43317	30948
569	3194	2031	1150	1
15875	15883	40027	28265	8166
450	50526	3454	3271	3073
16095	16038	16018	4517	48715
575	1705	1500	2084	2278
3	5149	4405	3838	463
1071	4298	649	153	4901
20068	3348	12639	2084	3335
2031	22	1003	1462	5657
711	91	3070	3155	1306
5616	5614	16503	6703	5468
18	9103	3632	4987	7560
1999	4128	7794	7798	17173
9880	16216	16912	599	602
1500	1543	954	635	1705
256	50488	4324	1235	24797
10	14180	753	8360	4007
569	3194	2031	1150	1
16742	33226	25120	32230	33090
61757	16432	32771	46414	16772
16798	711	1850	480	3258
3245	1500	1705	9554	954
3826	8364	5515	978	2031
1071	9886	4901	4908	4343
1071	4298	649	153	4901
16965	40686	18868	7372	57983
427	8021	5595	4184	1161
16902	35562	40619	56823	17058
15716	5911	38847	1861	55495
15749	32257	2774	17159	39926
904	3245	1619	1500	9554
5515	116	13017	8364	734
16140	24206	50480	48706	12690
1543	954	1500	635	9
17247	2182	476	5264	2834
4588	2834	5264	476	2587
6334	30464	52906	28658	39989
1150	8364	15639	1462	1828
12243	17028	17296	17294	17299
2966	4210	38152	4225	42085
11970	4341	6134	17401	857
842	2588	6999	2550	2832
4114	3851	5999	3824	3076
1500	954	1543	635	9
4110	3847	3717	13017	737
4116	1705	1500	954	2278
17674	17673	24311	1799	18828
3365	4817	4877	2945	14656
49676	49677	17742	17741	3652
3895	3078	25466	35656	18940
5595	5908	8021	4184	9895
17843	24635	1727	42075	41733
3194	8364	569	30	2031
17916	2340	9247	28328	47543
4168	1436	711	1850	25
608	581	3226	8603	606
1500	1543	954	635	1231
1760	8146	21387	5311	9886
281	2185	5835	271	8687
6774	2814	477	7724	2822
7381	444	3652	3640	6403
18124	21490	20097	54509	37566
94	2031	7959	2301	8902
91	711	3155	1306	1432
1543	13511	1500	1231	954
1500	1543	954	635	9
7115	2960	760	546	3005
13462	3194	15639	2031	26546
2725	5999	1681	24163	1097
4341	6134	3273	24047	3278
2720	582	7701	2336	389
34654	3216	13629	23855	61577
18551	61104	49101	19498	17220
3070	1436	711	1406	1432
5004	2666	3600	711	2198
2212	743	596	2520	25215
18641	1220	436	53506	18639
18210	1097	361	341	6380
3	5149	698	4405	463
18776	48537	44044	51744	36570
5595	8021	5908	4184	9895
519	81	26353	6846	538
5908	9895	8021	5595	15032
19004	20064	2235	2031	1462
2720	582	7701	2336	389
274	1161	1172	2774	5595
19144	6415	38670	56541	1372
2031	91	711	1432	22
3965	3119	1236	1879	4263
2794	3005	3066	6372	10988
5484	4413	919	1094	2640
281	2185	8687	5835	271
19286	19297	29189	17779	59196
6533	1500	954	1543	1705
3194	8364	30	569	1595
1867	12727	8517	9886	4298
13017	724	3206	4110	3847
36425	52301	1502	8950	29100
875	1500	1543	1705	933
19457	14971	56646	36963	30399
19474	2666	4902	5055	8502
1500	1543	954	635	9
2031	1003	1828	22	978
2185	5835	271	536	4250
1285	1293	586	3344	869
9438	2814	477	2822	7724
3194	30	569	8364	1150
19692	43384	17437	21457	36265
9785	2912	4895	649	4877
6727	1500	875	16211	1543
5908	8021	4184	9895	4314
19926	17231	22493	2555	22501
10267	14657	281	2185	271
954	635	13511	1543	2724
544	11536	11405	12895	2352
569	3194	2031	1150	1
20070	17655	9247	25717	32659
919	36436	6937	9560	50982
1500	1543	954	635	9
5895	1097	7505	3931	12397
842	2588	5561	6999	2550
7832	233	240	2301	2031
711	1850	486	1406	1436
3893	34605	2113	48962	13831
660	11970	4341	3273	6134
3194	569	8364	30	713
9449	11453	549	476	3443
635	1543	2724	1500	954
20404	20406	20412	20438	20436
3258	711	2235	4793	5692
11970	4341	6134	3273	24047
91	711	3155	1306	911
3	5149	4405	3838	463
8364	3708	555	6343	225
20590	33526	43599	4884	31537
3239	40	2788	7832	16457
4128	104	12880	1999	47212
1463	1727	20677	20658	10137
4895	344	583	649	584
13247	13862	4635	41	2031
954	1500	1231	1543	1705
20758	20756	14598	20757	2814
20769	8709	20783	3552	14799
13831	2110	3893	15100	3905
954	1500	1231	1543	1705
20825	43015	1406	15913	989
20915	20904	3679	20671	49815
20958	20961	15120	31304	59003
20993	30584	52190	201	24250
1179	257	81	26353	519
5858	34484	51718	20671	34483
954	2696	5603	2084	1500
20805	1462	24206	4084	19075
19141	55243	43891	27952	41435
1500	954	1705	1543	933
5552	5551	56211	21730	3820
48100	12654	35330	51787	21289
569	3194	2031	1150	1
21358	58534	24695	57115	61118
3271	3050	438	6828	3464
21456	9591	1097	5930	3678
2196	2235	41931	711	1406
1705	1500	954	1543	12639
3631	21545	6347	6350	6327
753	12895	2352	14180	1343
753	14180	5392	2352	10
12567	7046	11657	3530	10676
5149	974	8403	382	2173
7331	21619	52302	38750	44370
21655	52190	21654	4787	1075
21744	21693	21743	21607	40806
760	3169	7128	10244	3005
1462	1681	2744	28993	4084
842	15879	14148	2588	4947
22008	21923	21986	40941	40936
1500	1543	954	635	1231
1500	1543	954	1705	1231
8296	54998	8290	8089	55327
6231	3226	8603	1716	12835
3120	6408	6429	2567	3271
4255	3072	653	995	2790
22133	4112	59909	57356	11189
1327	4895	4901	1359	14656
4332	57153	57159	39399	3380
91	711	3155	1306	911
3113	11967	22224	6134	10586
569	3194	8364	30	2031
18331	42525	54976	50513	52340
22331	40829	17985	22723	52658
22369	6503	28789	60873	43633
13017	3847	3206	3717	5515
15434	28582	22411	47445	1705
8089	35496	3906	8290	15113
2178	6024	11425	7568	10109
22528	7865	7853	22534	22101
1172	5484	923	919	926
3194	30	2031	569	8364
1500	1543	954	635	1152
5153	11354	8055	586	3193
1071	4298	649	153	4901
3335	5179	33855	804	2084
22712	61549	29069	28960	61538
746	401	370	369	9113
26353	519	6846	18498	501
2301	2278	7256	1705	1500
4513	32918	15639	569	8364
4725	50648	476	2834	13776
1436	4174	9158	12562	1850
4184	5908	8021	5595	770
586	8055	587	3193	5153
22885	46742	8564	33741	33727
22927	44208	22926	22929	22932
22987	22955	22984	60143	56377
5247	1150	10839	615	6185
23041	17486	17973	15215	24296
16957	39982	57478	27230	5632
23107	3223	40184	36820	20349
6129	3147	8840	7	11092
23153	26766	34257	11436	18761
1500	1705	5603	954	1543
1094	2640	919	5484	8517
91	711	1306	3155	1432
476	4725	1254	2064	2587
3194	30	569	8364	1278
8517	9886	919	4298	1869
3952	711	280	480	376
23432	38391	17087	54609	37024
23488	27453	11586	25345	39022
6835	3005	3066	467	2794
23530	4706	3641	3262	3220
555	2031	978	3826	3194
7701	2720	2336	284	389
16907	24249	58824	30179	47445
13065	23639	4232	27591	49351
13017	3206	4110	3847	3717
56973	449	30879	562	48652
1150	2031	10839	1462	711
23148	40743	4258	13276	3072
23777	3005	2794	468	23789
43499	36837	27380	14522	12655
1369	1360	44738	12407	43791
3194	30	16	569	43
2720	582	7701	2336	389
23954	2182	8701	476	2587
569	3194	8364	2031	1150
2175	2031	1003	1462	2094
15322	3727	17354	740	944
2588	2550	6999	2832	4947
569	3194	2031	1150	30
342	274	1161	1172	2774
3113	10586	7256	24107	11945
4058	11934	91	911	2031
24165	52658	41271	40829	6954
48784	3454	15410	546	2960
24208	11435	6957	14654	1360
7832	17168	3239	2301	233
3754	15367	2158	6770	4914
1705	1500	2278	2084	1070
24264	59657	49683	40686	5226
24335	51625	18828	28769	28772
24368	54070	728	52872	8362
11405	544	11536	11537	12895
24250	24514	52190	41224	18807
24546	24536	24535	24534	26573
3663	344	4895	919	3199
344	4895	2321	649	1071
24649	20221	28446	23300	15734
24672	24676	24671	24677	24669
24720	17985	1075	23432	35907
24736	28330	6595	24755	4059
8364	2031	978	555	225
389	2720	2336	582	7701
50488	4324	1235	756	4306
635	1543	2724	1500	954
12880	46856	104	24869	7055
24892	59332	37161	27207	27388
24962	57353	48943	41780	56596
24991	38222	41489	50488	6701
342	274	1161	1172	2774
4099	44165	29336	38584	50626
14250	16787	38143	61024	6636
191	2550	842	4194	11352
5595	5908	8021	4184	258
427	8021	5908	5595	4184
1500	9460	1705	3335	954
4827	4831	4814	4815	3347
3199	556	5488	233	3649
2158	4914	9136	6770	13065
1500	1543	954	635	9
3271	438	3050	3464	6828
5103	25357	25362	25354	4400
25369	25390	25371	25370	25403
25444	39022	42003	1705	12639
24	942	4003	8796	13786
4925	50626	15779	32758	11340
46480	25533	39339	740	29899
569	3194	2031	1150	1
382	5149	974	711	1436
25600	8471	29371	60505	29361
711	1406	486	1850	1402
12880	4128	1999	8089	3196
20245	4343	4901	1071	19450
3826	8364	5515	978	2031
3	5149	4405	3838	463
25722	3678	25724	480	4083
25762	37305	50556	2229	14971
443	476	2182	4725	1254
4798	4877	4831	9486	3347
6429	6408	3693	34849	3120
1097	2979	4883	5930	10141
3194	30	569	8364	1150
1500	2724	635	1619	954
1500	9460	1705	3335	954
7701	2720	582	2336	284
19013	18987	18985	21348	37846
1543	1500	1705	933	954
26119	48532	16958	17010	26089
4877	344	4831	4901	649
5149	974	3627	382	5820
1462	1299	711	2783	1436
10865	61038	15215	40494	7327
1500	9460	1705	3335	954
6343	2031	1828	978	1150
26285	36588	20671	36331	6993
15745	5722	8690	34700	15732
711	1406	486	1850	1402
1257	10715	31430	1181	10357
5908	4184	8021	5595	770
17426	17240	50375	35551	37214
7701	2720	582	2336	284
56	41756	8555	8738	1409
17782	7148	13344	28481	1734
14620	6744	4119	3262	30656
26607	4143	5068	29504	40160
569	3194	30	39	3708
26707	29515	1127	41441	29531
3194	2031	1150	1	30
476	2062	2587	443	1254
3075	1418	26822	11540	26846
569	3194	2031	1150	30
13017	3847	3206	3717	5515
257	81	519	26353	1179
1340	3344	10057	586	12654
711	9158	1850	1436	1140
1402	1406	1436	711	989
27002	18737	18868	6191	23105
369	370	746	401	8648
20084	35158	12191	39816	31975
2814	6774	9837	9438	9840
49623	40575	60170	28154	3661
27156	11682	14001	12738	12748
24590	56870	2679	24504	57685
5010	52385	30363	40228	46337
27231	6191	47502	18868	49428
3194	30	569	2031	8364
4511	3271	3050	6408	6828
27282	24129	26543	48706	52603
23	3194	1150	2744	4226
27303	13454	26182	36963	27311
663	16866	22265	25460	919
7701	2720	2336	3127	389
27434	1097	1869	5484	4877
10810	1889	2031	46958	40895
22211	12932	54681	40838	27566
6343	16	978	35	1828
9726	3125	32089	35659	27565
22857	919	31849	1867	8517
9060	23831	3641	1458	6929
1500	1543	954	635	1152
27698	257	81	26353	27701
2951	58841	27749	10503	20093
1071	4298	649	153	4901
2278	660	4341	817	10309
2722	50585	5614	2723	6703
27802	2182	4566	4577	4576
27831	52235	13287	11500	14826
27863	11635	16290	30110	44208
27886	503	1184	20037	1179
17544	5182	24250	24569	11595
15464	27922	27913	56738	9590
27968	48577	14248	8360	14197
28016	1861	12210	48706	58352
2550	11352	4194	52130	1668
18582	21822	4426	2681	3344
3113	11953	10224	10586	22224
52325	28100	41716	26831	49977
1850	486	1406	1436	378
7934	47623	49960	58029	6095
667	1436	4012	8075	1424
6515	1360	1369	51709	58371
17236	6019	42789	19960	52834
15080	13028	957	13265	28200
28238	13389	43162	60368	11367
5595	5908	8021	4184	9895
30464	21545	711	3035	35373
7701	2720	582	2336	284
28327	44201	60730	52656	42649
10276	46742	28435	33721	10176
15639	1462	40607	1828	11075
28384	48943	25551	61361	34365
6097	28421	39505	32578	6098
28330	50626	14647	20983	33432
28514	24406	46347	7984	58379
160	13656	6069	1340	20735
3194	4513	3735	1595	4804
1926	1905	29732	2760	4960
28621	28599	28604	29831	28619
4015	711	1406	3155	1850
1011	22208	5722	34700	8690
711	1406	378	3070	486
15688	10205	5239	2550	191
569	3194	2031	1150	8364
2553	1462	2031	5393	10699
17168	3239	2301	233	12888
28909	41286	43791	40593	10183
29017	8595	40489	50358	19390
23465	29039	29056	29036	29075
4343	19317	9886	20245	20568
6056	1619	3245	1500	2724
12375	29016	51922	9017	52302
2774	8690	1161	274	342
5615	5616	50585	52561	5614
569	3194	2031	1150	8364
954	1500	1705	1543	933
14888	194	2567	15618	195
4399	4417	1869	5484	4415
2031	1003	1828	22	504
565	7416	931	23958	3164
29457	169	3078	3895	25465
29526	29536	41441	29531	29517
29566	19961	10065	28058	17967
13001	25597	39263	39684	32423
713	2031	8364	569	978
394	14454	1172	13329	8690
1432	5641	3070	5681	91
1500	1543	954	635	1152
1462	1299	2783	1132	711
8885	28330	33432	50626	27449
9219	34691	13656	44754	20735
1462	7507	2553	12690	4084
2950	2790	1172	5595	1071
29839	43119	57919	29848	29843
10810	942	6061	3043	24
16595	27207	16866	11279	18134
28362	29812	55734	949	941
6652	3002	41299	11075	4750
20177	17489	37152	40227	17985
34482	23981	16243	58870	55692
30007	30005	20148	26187	24250
236	94	2031	2301	22
2031	40	7959	3068	1003
597	449	562	566	558
30136	16818	60873	60730	25823
906	10702	6727	635	875
1267	1340	3344	10057	586
256	24818	5754	16272	50488
753	12895	2352	1343	14180
7701	582	2720	2336	3127
2488	4908	4877	4343	3080
2031	1150	26546	10839	4762
3641	3220	3262	1081	1097
398	30272	3952	54890	376
4225	2352	1379	1857	12895
19138	19137	22432	55902	22407
8923	37218	26572	2184	7471
476	2182	4725	1254	2587
1150	2031	10839	1462	711
711	91	3070	3155	1306
30470	47846	53825	14707	32656
44953	25317	27591	14020	13065
3650	3652	16203	444	2505
22680	21542	61297	43024	26183
20915	22809	39310	25203	39626
569	3194	2031	1150	30
3976	1462	4084	2783	11006
536	30676	5667	271	2185
22321	56738	36427	40401	21582
8858	12104	25220	896	6686
3	5149	4405	3838	463
476	2182	4725	2587	8701
942	4003	8796	8841	3043
561	17880	17855	12055	1409
18424	4769	16864	12491	344
1393	762	28203	13430	27788
7	596	3147	6129	3847
563	23741	56973	30878	30879
24635	57594	24643	31203	42075
30922	60730	53105	22864	25823
5595	5908	8021	4184	9895
12291	2724	635	6056	10702
30976	48034	28579	41859	28136
13017	3847	3206	3717	5515
1500	1543	954	635	9
31030	31024	34257	31022	17549
31039	6460	3732	344	3314
569	3194	2031	1150	1
9734	663	22265	16866	25460
31166	39928	50054	42900	45191
2915	15618	689	12514	37925
569	6343	3194	35	978
31280	48090	45308	53878	44744
24705	61402	44409	12415	23145
2352	1857	1342	12895	4225
76	2960	546	3073	612
5263	61402	31422	57510	3755
7416	2031	565	1003	2018
3952	1387	1386	376	481
569	3194	2031	1150	8364
4003	942	8796	8841	2760
4816	4877	6058	649	4895
31490	57230	6282	51802	18169
586	3344	1293	15215	16894
1231	1543	635	1500	954
15042	5595	5908	8021	4184
8364	555	978	2031	225
635	1543	2724	1500	954
30337	49103	42394	30335	39840
27204	38827	41625	20093	28446
7701	2720	582	2336	389
11703	25563	15639	23665	8750
31734	47730	873	36840	47758
91	711	3155	1306	911
11405	11536	11537	12895	1436
357	5614	5616	9399	5536
61114	11591	5971	33289	31161
7931	23789	20755	3005	9856
945	3723	2031	26546	6343
6023	1500	8335	954	1705
28761	18857	31948	4389	18848
31927	15215	12659	31764	885
519	81	26353	8304	1179
2666	5004	3600	5055	2751
4110	3206	13017	3847	14
44463	766	20511	25671	6711
7701	2720	2336	284	3127
3271	3050	6828	3464	3120
2460	2458	3719	1819	2379
13017	724	3206	4110	3847
32061	32080	32078	32063	32111
2807	17527	9886	5485	17523
1462	1432	1299	711	5393
11457	9449	546	3389	14206
11970	4341	3273	6134	3278
15113	35496	8089	32219	61352
3708	6244	225	35	555
1500	1543	954	635	1152
25443	8364	3194	1003	569
1500	1543	954	635	1705
649	4298	1071	153	3080
8021	4184	9895	5908	6972
12225	357	5614	6703	5616
32425	39263	60533	32431	32428
7701	2720	582	2336	284
32558	44728	14311	49876	19814
954	1500	1705	2724	1543
32589	28629	30603	32591	51720
569	2031	3194	8364	978
32672	43015	15913	29183	1436
4994	4370	24508	11422	919
409	20671	34484	18161	1727
569	3194	2031	1150	1
2284	3220	5090	3131	1081
3704	2031	10790	1003	11075
719	37643	3924	759	3343
5149	2173	1436	382	974
43	752	13174	6343	1
1500	954	1543	1705	933
6130	9895	4184	5908	8021
33087	44593	40766	52603	33089
10053	2031	3194	569	1003
8738	572	1409	41756	561
33182	41402	8491	56355	43471
1071	4298	153	9886	649
10682	2031	3234	37	1462
8021	5908	16214	5595	35312
5595	8021	5908	4184	9895
3931	4192	4191	10141	49332
91	3155	4	1306	5188
2031	1828	22	1003	978
11405	12895	2352	7836	711
33417	23819	14826	23803	23820
33462	34554	60730	42455	59016
2216	4003	8796	24	942
22536	7865	22529	15982	27285
13017	1519	3717	33495	14
33517	33525	15006	36090	33528
33581	14952	14955	33564	27795
561	570	1409	17859	17880
33143	33178	2384	559	9446
1500	635	1543	954	1705
569	3194	2031	1150	1
15639	978	555	1828	6102
3194	1150	30	8364	569
6343	35	16	978	3708
7701	582	2720	2336	284
33761	28435	55934	8324	8564
2587	476	443	2182	4725
8364	3194	1003	569	13085
20245	4343	4901	1071	19450
569	3194	2031	1150	1
2143	1074	2084	3245	13511
33956	54103	10388	25000	18422
8021	5908	5595	4184	1161
30242	23436	54647	39535	34021
2720	7701	582	2336	389
1052	7622	1172	10247	3066
2960	546	3073	612	14206
11	10	753	38893	14180
5999	4112	3824	3076	3812
1500	1543	954	635	9
23444	13419	34434	48976	27307
236	94	2031	2301	22
1462	1432	711	91	3070
4191	1097	3931	4192	3314
357	5614	6703	5616	9399
3199	556	1091	5488	233
1926	4225	18599	1857	12895
8364	555	978	569	225
5149	4405	3838	463	711
3	5149	463	4405	3838
34353	16839	61851	25384	25466
569	3194	2031	1150	1
11792	57574	11823	11794	11109
1500	1543	954	635	9
25384	3895	3079	34381	3078
6024	7568	4462	11128	6644
5717	20299	32867	703	2167
569	3194	2031	1150	8364
4298	649	153	3080	4901
1071	4298	649	153	3080
324	3965	1236	4263	4186
34523	44039	34365	50857	22022
12880	4128	1999	8089	3196
34586	14569	2955	5278	23148
34605	104	2113	12880	8089
10	14180	753	8360	4007
544	11536	3022	7836	11405
34657	20247	61136	15218	54026
14565	608	11659	8604	21183
18220	58208	15550	60529	18828
2185	5835	271	4250	1115
34751	34752	34769	34755	34768
4263	5719	5908	6645	10575
34810	38029	50488	26256	50412
954	1500	1543	1634	1705
2212	596	2031	3847	6129
34848	39801	39806	1766	194
5273	5908	12024	4184	2950
15230	12659	586	15390	869
3344	586	8055	3193	5153
34956	50452	60207	49945	53449
4225	18599	1857	12895	1905
3258	2196	2235	711	1432
34790	35028	35691	32935	11321
104	12880	4128	1999	8089
35078	5722	22359	9894	18539
711	9158	1436	71	1850
35117	31285	28745	36889	32241
931	2031	22	565	7959
4057	32702	40467	35191	29336
19492	22041	20145	13494	1075
5595	5908	8021	4184	9895
281	2185	5835	271	536
35264	6459	53095	4399	13209
1462	1432	711	91	3070
1988	3	4405	3861	3838
5908	8021	5595	4184	770
35331	54890	53684	5666	30430
1959	398	3952	376	12531
35376	6350	35373	28678	35374
12880	1999	8089	2113	46856
3952	6151	376	6380	1097
2468	7046	3960	3125	689
35448	20177	49111	17489	23432
5149	34	4405	463	3838
346	28203	39301	1430	52765
11302	1172	5484	4415	1869
8364	30	912	3708	6343
59886	35525	35522	3947	35533
569	2031	3194	8364	978
21358	16265	35610	20569	9985
5149	296	2173	974	3627
1071	4298	649	153	3080
476	4725	2064	1254	443
869	12659	586	15230	3344
2848	49184	2955	9591	15913
1760	8146	21387	5311	21493
6616	13017	737	5515	116
9764	1436	1424	711	3028
2588	2550	6999	2832	4947
50488	744	4306	5740	4324
711	9158	1850	975	1436
35868	3194	1462	569	2031
34208	60708	38958	16965	26183
7046	55356	55360	53858	8353
57115	24695	21528	10010	42119
2960	76	546	3073	612
9854	468	14087	3005	2794
36000	7877	9247	47676	54712
3194	30	2031	569	8364
11536	11405	12895	2352	7836
569	3194	2031	1150	8364
1097	3931	341	4191	361
36067	36066	27175	53681	60873
2336	582	7701	285	389
412	22265	663	9734	9799
7701	582	2720	2336	284
5595	5908	8021	4184	258
5908	12024	4184	2950	9895
324	3965	3119	1236	1879
1999	104	4128	12880	7798
3194	30	569	8364	1150
2278	254	247	954	2301
2762	26139	13888	4960	47930
7701	582	2720	2336	3127
1500	1543	954	635	1705
1097	4191	10808	30657	3931
9821	36801	19055	19092	562
9170	2031	1003	1828	5522
1774	30094	7593	33385	25929
36402	50862	9376	32936	5622
4901	4343	4877	919	4831
36465	5515	116	10790	13085
48767	36477	32867	37719	32379
4343	4877	919	4831	6058
649	1071	4901	4877	6058
153	1071	4298	649	4343
36615	51793	32575	31484	51801
1071	4343	4901	2488	649
569	3194	2031	1150	1
32463	40939	34436	18773	21986
3895	25384	9734	1742	412
257	519	81	26353	6846
87	4184	5595	5908	2790
13831	2113	3893	3905	2110
40	2788	13629	3239	2031
2720	582	2336	284	3127
36856	34554	49113	29336	60730
1424	711	1436	1462	1850
11665	33480	2760	36916	3041
1268	5484	1869	919	4413
3199	557	1091	1097	649
28060	10124	32867	2167	4893
8603	8604	3226	581	608
2295	33143	33178	2384	33592
538	257	519	81	1149
1293	586	3344	869	12659
2468	7046	3960	3125	689
3952	711	376	280	1850
1867	919	1094	9886	1869
2031	7959	2301	8902	22
519	81	26353	6846	538
37174	6814	37195	37189	34230
954	1500	1543	3335	1231
54566	7285	1101	37254	49707
3652	2505	3650	16203	444
3286	58189	14054	40691	46403
4032	4042	4033	1436	1462
37426	37424	37425	21973	35913
37474	8697	44509	52235	13294
8080	61793	8082	2652	559
4090	1828	15639	27241	10839
3005	3066	2794	10247	1172
37554	3252	1688	30976	44111
1071	4298	153	9886	649
3147	8840	10795	6129	11092
842	2550	1710	4947	1797
569	3194	2031	1150	1
37625	37634	34038	37630	37628
3924	3925	759	571	40078
569	2031	1003	3194	978
1500	1543	954	635	9
4060	5149	2173	40905	1273
8089	15113	7735	12880	35496
37728	32744	32723	54647	32748
7701	2720	582	2336	3127
1071	4298	153	9886	649
153	1071	4298	649	4343
3708	569	978	3194	6343
1071	4298	153	9886	649
1071	4298	649	153	4901
3194	8364	30	1595	569
5484	1869	1269	2640	92
1500	1543	954	635	1231
389	2336	2720	582	7701
37928	39806	39804	39801	20400
1097	361	6380	2979	413
582	2720	2336	3127	389
1766	2567	6408	6429	3266
9886	4343	2898	1071	4298
1500	954	1705	1543	5179
776	5375	3380	536	34868
257	81	519	26353	1179
1500	2724	635	954	1152
18	9103	3632	4987	5149
569	3194	2031	1150	8364
3194	30	569	2031	8364
978	1828	8364	2031	3708
38157	29072	43842	54363	36228
1150	2031	10839	1462	711
711	1406	486	1850	1402
517	3046	2984	6238	15045
427	8021	5908	5595	4184
9158	15529	1850	711	1436
5552	7969	2031	21730	5551
660	11970	4341	6134	3273
18231	1406	711	1436	989
38391	56756	23432	5995	40829
38429	6129	3147	11092	8840
91	711	3155	1432	1306
3344	5153	11354	8055	586
11247	36746	38796	6809	1162
5016	3199	1071	344	4895
389	7701	3127	2720	582
12567	7046	11657	3530	10676
4888	39280	1436	6595	4059
4793	711	2196	2235	1850
5943	29954	38612	38614	52469
1436	711	1850	1462	4059
4108	1695	40206	58804	5552
711	1436	1406	486	1850
20541	4901	919	9886	4908
7359	25844	54114	3254	17218
480	1097	13302	711	9158
281	2185	5835	271	4250
36837	55922	12655	43499	24855
4110	3847	3717	3206	726
5970	5955	16557	16563	16567
12071	26937	37186	23855	4080
4225	2352	1379	12895	1857
38917	8767	35592	12169	60768
2550	11352	52130	1668	15853
9886	4343	2898	1071	4298
38965	7372	40686	18868	59516
2814	6774	9837	9437	9438
4901	24463	19827	13176	11422
39073	14826	27087	23819	27086
3226	581	8603	35482	6231
1150	2031	10839	1462	711
27723	10133	8304	10127	1203
1500	1543	954	635	1705
55734	949	55806	29812	39151
4007	753	10	8360	1343
7701	389	2336	3127	582
1500	954	1705	1543	933
6967	5654	11254	2555	6243
2751	5004	2666	2198	711
4895	344	583	649	584
38399	37024	11435	33289	10186
9285	44111	39389	19472	28579
39315	7711	30624	36791	60515
544	11536	11405	12895	2352
711	1462	3155	3070	1436
10627	94	8902	6034	2031
1071	4298	649	153	3080
1500	635	1543	954	1705
38712	38708	40783	4033	27282
1543	1500	1705	933	954
39428	61163	8696	40407	11506
39470	28392	2652	32840	8100
19274	43759	50560	39535	51447
569	3194	2031	1150	1
4616	8300	5377	10890	10895
1436	9158	5647	989	975
94	2031	7959	2301	8902
39643	59267	14417	39644	44882
39685	34365	44949	56588	49152
296	2173	974	3627	382
39756	20671	34483	12191	15787
357	5614	6703	5616	9399
7568	4462	11128	6644	18
274	1161	1172	2774	5595
954	1500	293	8121	933
389	2720	2336	582	2246
4104	18356	4012	8075	667
4042	1853	6938	28330	29399
39873	39880	44988	38162	5121
660	11970	4341	6134	3273
39947	11764	55782	51909	11086
5646	2235	729	711	9158
260	40003	11403	47338	35835
18806	7568	6024	5701	4462
1235	256	41789	50488	1236
3952	711	480	376	1850
24	942	4003	8796	13786
9250	1834	6772	565	2156
1462	5188	1436	711	91
281	271	5835	536	10623
2666	5004	3600	5055	2751
569	3194	2031	1150	1
2488	4901	7463	9486	9886
40258	40253	18471	36374	40255
9554	3245	20659	1500	15363
7999	15639	2031	40607	1828
389	3127	7701	582	2246
2912	9785	649	4895	1071
8082	8080	8084	8081	40342
569	3194	2031	1150	8364
56973	449	30879	23741	562
5614	6703	5616	5536	1494
5595	5908	8021	4184	9895
13017	14	3847	3206	3717
517	2984	3005	3083	3169
40442	9662	40829	44941	20671
13490	3637	12090	1097	3314
8750	54070	47465	31920	25563
2031	1828	22	1003	978
3708	978	35	6343	569
20758	9832	14598	20756	6774
12425	3646	23489	50490	19184
40607	5606	2553	18423	8337
15682	41410	35533	15681	59886
12790	6105	42073	27386	18423
1172	926	5484	4758	394
1409	9295	9312	1423	561
40716	7969	2031	1003	5318
38221	50488	5605	50485	5706
13017	4035	3717	116	3847
40818	40813	19920	29939	60452
1500	1543	954	635	1705
6419	5069	444	27133	6403
160	13656	6069	1340	20735
3632	9103	4987	9106	13314
40925	40191	25585	59238	40923
7701	582	2720	2336	284
25591	30400	25597	28265	14971
141	45289	44871	59258	14888
17191	2724	6056	1500	635
1500	1543	1231	954	933
91	711	3155	1432	1306
10665	38685	41014	11657	41027
41046	2468	23228	3894	37124
5908	4184	8021	5595	770
1462	1299	711	2783	10864
7701	582	2720	2336	3127
160	13656	6069	1340	20735
15367	3971	13065	2158	11092
7701	582	2720	2336	284
3063	2553	1462	2031	5393
41184	53519	41181	47466	11217
6056	1500	1543	1619	954
8364	6102	8362	569	555
711	1850	486	1406	1436
3	5149	4405	3838	463
10931	9591	20837	9598	30569
1071	4298	649	153	3080
569	3194	2031	1150	1
41332	45686	52925	54884	14085
5908	4184	8021	5595	9895
4516	11786	32380	5705	4232
9295	19239	1423	9308	9326
2246	389	2336	2720	285
5614	6703	5616	9399	5536
9821	36801	19092	562	564
41426	50490	3660	19184	9164
4128	104	1999	7794	7798
569	3194	30	2031	8364
34923	41535	50496	36163	18807
41561	28265	41564	61487	39928
91	711	3155	1306	1432
7764	8360	14180	12895	2744
6343	569	978	35	8364
24250	48422	27860	17544	32935
569	506	242	3194	8801
2031	2092	1003	7754	2094
5595	4184	5908	8021	258
89	3080	649	4343	4877
1880	38249	4186	1879	3965
6962	667	16383	711	2198
949	17731	957	55734	25532
21917	13240	20004	21921	21901
14290	46894	7805	55350	28482
13017	14	3847	3206	3717
41972	25823	11535	44003	31369
91	711	3155	1306	1432
4128	2113	13831	13828	1999
361	1097	12398	3220	2979
3194	30	569	8364	2031
3895	25384	412	9734	1742
20524	56127	50778	2016	44281
3220	5090	3131	1081	3262
6595	1436	29183	43015	989
569	8364	3194	713	6343
8898	51802	16811	23409	29336
35860	27268	42116	16139	42114
569	3194	2031	1150	30
2336	582	7701	389	285
357	5614	6703	5616	9399
2295	33143	33178	2384	33592
1379	1857	4225	12895	6953
569	3194	8364	30	2031
11970	4341	6134	3273	24047
3537	3536	438	3271	689
24039	31100	61132	42251	58029
711	568	1850	1436	2235
3	5149	463	4405	3838
1150	2031	615	10839	1462
3335	1500	954	1705	1543
6343	2031	978	569	35
15751	42308	34700	15732	42291
6390	51767	34554	4448	44003
1500	6023	8335	954	1705
42373	3279	5069	27460	3464
33061	3838	1986	4405	5149
1132	26269	2783	1299	1462
20036	42437	6726	11736	59994
24611	49817	55491	40810	16331
569	3194	2031	1150	8364
2173	5149	974	1273	382
1500	1543	954	635	9
3652	7389	3650	5069	444
5149	34	4405	463	3838
1071	4298	649	153	3080
7701	582	2720	2336	284
1500	1543	954	635	9
4720	2200	39283	21128	44244
2031	1003	3792	4090	22
25443	8364	3194	1003	569
734	5515	116	2031	737
3371	3370	3161	3386	3369
42831	42753	10676	41193	21581
46278	32852	32555	12126	32474
91	711	3155	1306	1432
18855	6797	6798	20360	57915
4128	2113	13831	13828	104
11092	2031	3147	15367	596
26760	2550	1799	10068	12844
711	1850	1436	989	2235
43004	8304	27705	26411	11278
15458	15451	2789	51212	51550
6349	6929	38185	3199	57901
91	711	3155	1306	1432
569	3194	30	2031	1
546	14206	2960	3073	5424
569	3194	1	1150	30
13302	1436	1097	480	711
2771	2185	271	14657	5835
2744	1462	37	1150	5393
1858	25101	58352	1861	38893
42913	43209	9437	10293	38989
6403	3650	3271	6366	5069
444	3640	6403	3648	3271
43307	18091	43316	43321	43286
2373	45205	2374	2377	10059
3933	10682	16064	2031	37
43481	43482	43464	59535	37346
285	8743	2336	389	20255
2216	4003	8796	24	942
24432	3058	5068	4143	5004
1857	2352	1379	1342	4225
3600	1436	711	2666	5004
271	2185	10623	281	536
1500	1543	954	635	1705
3199	557	1091	1097	649
13017	724	3206	4110	3847
34523	39791	50857	34495	55660
3454	6826	450	6780	3073
569	6343	8364	978	3194
7568	4462	11128	18	711
569	2031	8364	3194	978
14818	2178	4462	11543	10109
2588	2550	2832	4947	1710
1071	4298	649	153	3080
4060	5149	2173	40905	5535
1071	153	649	4298	641
43817	1905	20213	43816	43831
14444	20909	43880	43884	58087
26466	2588	126	2550	6999
59489	29701	27035	49773	43613
2150	2897	3125	12514	10638
44018	7443	44017	10009	36037
44023	22988	21293	10260	41957
4893	6470	24564	37055	9247
19450	11964	18158	19424	25890
22666	43557	53844	52906	14817
32257	10003	2774	3189	50888
15008	39823	12880	47563	7055
1500	1543	954	635	9
9744	3125	8353	27508	46572
12567	7046	11657	3530	10676
4960	3041	2760	2762	20213
76	2960	546	3073	612
4354	4110	3717	3847	12715
2538	32532	1684	14288	18954
1071	4298	153	9886	649
635	1543	9	1152	954
342	274	1161	1172	2774
12600	1117	6685	3344	600
1097	13404	20158	25265	5930
44311	14420	44318	44320	44314
2724	954	3245	1543	1500
3978	2198	7591	3028	1436
6343	43	16	7414	47
57005	13147	52302	13593	44370
13017	14	3847	3206	3717
44450	59152	48720	47876	54024
711	91	3070	3155	1306
476	2182	4725	1254	2587
4007	753	14180	10	8360
3113	2301	2278	7256	1705
44504	15971	5677	59846	11367
52418	17207	61743	8445	42271
1500	1705	954	1543	933
44548	207	36720	7632	18733
34294	44608	53726	53725	25007
44642	52344	48715	52527	31137
2588	24415	6999	1797	5227
44718	55396	44725	55391	38938
2556	1267	1340	3344	586
20735	6069	13656	9219	9220
56	8738	572	1409	41756
3258	711	9158	1850	6923
30298	46493	16162	30330	31611
753	1343	12895	8364	37
954	1500	1098	1619	3245
3965	6790	1236	3697	1879
18388	11075	3223	31002	47465
26517	36331	1727	33668	55697
3894	2468	7046	3960	3125
711	568	1850	2235	709
625	1564	5999	693	2725
7475	15856	44165	2184	35190
2968	23145	1134	54216	2790
33205	9456	2814	19540	19541
76	2960	546	3073	612
1500	954	1705	1543	933
40766	52603	44593	26543	48706
10797	20995	38847	45520	14197
5105	4042	1622	711	1850
45108	45092	53237	38148	59152
45153	58902	30305	41230	16636
2185	271	10623	5667	5471
652	2790	2955	3072	13302
6133	32825	17063	27228	7693
5595	5908	8021	4184	9895
2374	10059	657	22009	21457
10702	954	1543	13511	1500
3194	569	12949	3723	30
27091	25866	11435	58686	11220
45310	60561	59491	45308	9015
565	2031	931	22	28058
711	2031	1432	91	3070
45354	19821	8059	1573	45353
931	23958	19975	2031	94
6058	649	4901	4877	1071
8670	9880	56	599	5584
23069	30335	48739	46493	42392
29394	40174	58487	59741	33088
2553	1462	2031	10699	2744
45510	26791	5533	10806	3951
569	3194	2031	1150	1
14370	1509	4364	8595	4116
3650	16203	444	20765	6403
480	13302	1097	2790	12457
25760	25384	7025	7089	1340
45596	9044	32771	46456	6993
1436	711	1400	14856	4059
8950	30781	5768	30585	56738
51	37146	3239	17462	32772
45662	1619	12639	20195	1500
45698	45688	45717	15059	45700
16615	16282	5970	5876	16567
5167	1100	875	1543	25811
2720	582	7701	2336	389
1340	3344	10057	586	11354
2937	26846	57556	16036	56872
13490	9335	3649	9499	1097
1500	1543	954	635	9
401	46640	45888	33602	41216
45920	3631	6327	6347	45918
1500	2724	635	954	1152
2489	5105	4042	711	1850
1436	2749	711	989	2235
2150	2897	3125	12514	10638
11639	42391	31436	46700	11632
3344	587	5153	11354	8055
35609	52190	18807	18764	50513
257	519	81	26353	6846
46060	15634	549	476	4725
44588	35790	1462	46086	10864
46138	36292	30998	56732	33001
5004	3600	5055	2751	711
13017	3847	3717	14	616
1071	4298	649	153	3080
43891	46268	35659	32087	12439
660	11970	4341	6134	3273
2031	91	711	1432	41
46306	59575	59581	11635	16648
2720	7701	582	2336	389
842	2588	2550	6999	2832
1150	2031	615	10839	1462
91	711	3155	1306	1432
44555	59408	46394	34667	59193
40179	46432	42075	46425	9044
2720	582	389	7604	7701
5595	5908	4184	8021	258
8021	5908	4184	5595	770
22137	56355	56411	60817	58104
6024	7568	4462	11128	6644
7832	233	240	2301	2031
711	1406	378	3070	486
4901	649	2441	4899	1071
58029	16882	6095	40128	6085
3	5149	4405	463	3838
581	8603	35482	6231	608
2463	4877	2441	2488	919
38176	60585	44983	36807	36802
5808	19335	35278	2978	35272
46709	35167	46684	11097	35139
7128	35892	760	42420	3169
46777	25597	39263	32423	14971
46802	52940	46799	49876	37798
13094	896	7085	7614	8595
5620	3022	26846	3075	11536
3113	2301	2278	7256	1705
3650	7381	48526	444	60168
91	711	3155	1306	911
466	3005	78	3073	85
16612	32793	36703	11943	24272
12852	1220	6375	3066	25594
46915	60911	16059	25457	25101
10205	4194	40641	8141	35527
47001	60967	7942	48801	60972
47022	13236	35322	31576	58352
1071	4298	153	9886	649
1172	923	926	5484	4758
3194	30	569	2031	8364
6024	7568	11128	6644	18
9598	47122	30585	9591	19985
34851	6215	34844	58338	46856
15225	34222	26234	45814	57359
569	6343	3194	35	978
3102	6772	2301	2031	94
11364	4846	11363	52179	21134
47274	6408	3272	6429	3120
43427	36796	9186	21990	56035
47335	1075	5995	56556	23489
23328	38827	20098	21061	32341
12520	12586	12543	12585	47377
47410	47403	47415	28957	47402
7832	233	240	2301	2031
1097	2979	361	6380	1270
569	3194	2031	1150	30
569	3194	2031	1150	1
1695	46536	23700	32763	30629
8294	8384	17948	8604	1713
10110	16742	10109	25120	6024
40378	32872	32793	36115	24272
7053	15618	2915	3340	39802
569	3194	2031	1150	1
47589	6065	5995	17489	32455
21007	13511	1500	1705	1543
3641	3220	2286	3262	1081
15201	1705	11588	36431	1120
4405	5149	3838	382	711
3194	6343	569	8364	3708
1500	1543	954	635	1231
21302	34710	47769	47981	44770
13995	14854	42998	54308	25095
344	4895	5231	6257	3732
19126	41786	55622	31140	55627
25594	27828	50488	4186	3915
760	7071	7128	10245	10244
711	9158	1850	1436	71
3273	6134	4341	11970	4116
10216	11435	22723	1075	23432
12243	105	7033	25384	8533
3007	4090	10839	1150	6343
842	35412	2550	2832	126
48500	20247	16301	61136	19644
12567	7046	11657	3530	10676
21655	52190	21654	4787	19197
48578	18835	43939	34247	18861
1828	2031	1003	978	1462
1071	649	4298	153	5160
11970	4341	6134	3273	24047
27751	38827	3336	27204	44014
6343	3708	1828	978	569
48664	32793	33609	36401	51650
15367	13065	2158	6770	4914
48715	4517	59353	52344	59909
3194	30	569	2031	8364
4665	11536	5620	544	26573
41575	597	54543	50057	562
480	13302	1097	2790	12457
2950	980	2790	10250	4445
48794	47755	24206	3223	42073
3131	3220	3262	1081	2284
40510	46338	19025	48809	5081
978	3007	6343	16	4090
5595	5908	8021	4184	258
1150	2031	615	10839	1462
13017	14	3847	3206	3717
5484	4399	38268	48863	1172
7256	7251	7246	7248	7250
3072	4255	631	995	2790
9647	8273	15057	58547	13818
29811	26415	26359	11329	1190
342	274	1161	1172	2774
2158	4914	9136	6770	13065
12880	4128	1999	8089	3196
3194	30	2031	569	8364
7267	48997	7275	600	7285
4097	21086	5948	33432	18972
24674	24676	58336	58545	25474
2031	22	7959	1003	28058
818	39777	4877	9734	207
569	6343	3708	978	3723
6408	6429	2567	3271	9441
49199	1462	23	2744	17821
59691	45585	28656	42394	41302
4887	34483	34484	31844	20671
1051	3847	1518	4966	17426
194	3340	14888	2567	23863
2031	26546	54760	52761	32650
22471	37403	39840	23069	22466
25024	23639	11823	17655	27591
24186	7071	15168	12957	7128
3847	3717	13017	4110	737
28058	1023	2031	40728	22
49410	45181	51151	14835	54114
29182	25151	36516	29179	23548
49457	20006	60808	12988	61597
52130	15853	2550	1668	842
9886	1071	4901	4908	4343
12220	12243	7033	25384	8533
2666	5004	3600	5055	2751
1359	4895	9486	649	344
3194	569	8364	3735	2031
1097	361	2979	12398	6380
1543	954	635	9	1231
49611	49623	15411	45563	34319
569	3194	2031	1150	30
2790	480	3072	3952	711
17729	17742	7389	3652	33202
7055	12880	37796	15008	47563
3226	8603	58029	1690	608
49718	11823	40944	34415	32397
2031	569	3194	8364	30
47334	18423	8750	11075	31920
15120	15123	27253	12963	22836
49843	2235	54890	42968	8923
8021	5595	5908	5149	4184
8364	569	555	3194	225
45798	49873	49874	43060	15225
15913	43015	50626	25596	14647
49899	7568	45091	19974	4462
1500	1543	954	933	1705
6249	4901	4895	649	4877
759	58029	16882	3343	6095
28626	25265	23369	51759	30665
11092	1890	2031	13636	15367
6097	28421	39505	6098	39504
443	4725	2587	2062	1254
32905	28172	52703	43472	47636
19478	32709	55873	12507	28909
50182	34554	51990	11535	49113
9113	8648	1354	401	746
16186	2336	2720	7701	582
1500	1543	954	635	1705
8353	3125	61226	10443	5069
23159	8514	7011	16866	2458
2666	5004	3600	5055	2751
569	3194	2031	1150	1
3120	6408	6429	2567	3271
569	3194	2031	1150	30
14256	8158	31255	10059	9446
14506	2031	7416	931	565
8190	10558	256	4263	765
653	2790	480	3072	3952
11953	3113	22215	11945	32881
30	3194	8364	569	1595
443	476	2182	4725	1254
50573	57026	25045	22879	6271
36818	60465	56743	31368	50582
8461	7307	53668	26748	29394
14817	50660	43558	22654	15659
39976	47930	53905	46487	51182
50683	34554	31810	31369	44003
5595	5908	8021	4184	9895
3226	581	8603	35482	6231
5595	5908	8021	4184	9895
115	1705	31613	1500	12639
37716	37796	47563	46856	39103
27705	515	55053	1181	31782
1075	44561	43043	56939	47335
34292	24122	8579	3634	57598
32011	37242	12659	600	16285
6770	2031	1003	6772	565
50863	41535	25345	40805	55136
569	3194	2031	1150	1
15198	27449	2235	1436	12212
4184	8021	258	9895	4314
2299	1071	4298	649	153
51002	40829	18399	53019	12598
2309	28435	21352	42572	46744
569	2031	1150	1	30
3194	2031	569	3735	8364
11005	2031	8033	2270	1023
51079	3223	46479	25563	18360
307	1500	1705	933	1543
17527	13196	17523	51098	5161
1500	2696	954	1705	1543
2000	104	4128	12880	1719
91	711	3155	1306	1432
51151	17240	38133	53104	33744
40413	1766	44743	51171	3595
595	596	13017	3043	8360
3076	5999	3851	3824	4170
16646	28482	7942	13543	14311
44783	8075	18356	44624	14380
3028	711	1436	1850	1406
51311	34365	16960	41777	16919
2774	8690	427	34700	1161
43499	40461	14522	22917	40464
3708	3194	225	978	1828
20298	17973	7814	45308	6997
476	1254	2064	4725	2587
47713	41224	32827	33144	45874
1500	2724	635	1543	2106
22809	25203	10704	14639	20915
1071	3080	4899	649	4298
1500	1543	954	635	1705
51523	6045	37297	4382	5995
8372	3314	1097	4191	3199
3005	2794	467	1760	466
10864	1462	4084	711	1436
51617	36057	40199	27540	61745
40447	57478	1406	36685	7496
2588	2550	6999	2832	4947
9312	9295	1423	9308	25156
569	3194	2031	1150	30
55980	54881	29613	51704	33265
51732	10307	7071	42419	55981
1097	4883	2979	3314	5930
1359	4895	9486	649	344
24501	25255	3660	40598	18176
5616	12252	26669	16520	56731
10843	49401	16364	46193	54586
2720	2336	582	389	7701
3076	5999	3851	3824	4170
57302	58206	60736	57359	34222
17810	10057	45777	32213	16210
2666	5004	3600	5055	2751
51949	28435	46874	33710	60506
3652	2505	3650	16203	444
3194	30	2031	569	8364
2720	2336	7701	582	389
2150	689	2897	3125	10638
257	519	81	26353	6846
1277	176	2747	6056	12291
3650	3271	5069	6366	2567
52068	43744	30793	13021	37068
91	711	3155	1306	1432
52111	11807	41275	52108	4043
1081	3262	3641	3220	711
14494	22359	44666	58955	58958
5614	6703	5616	9399	5536
608	52532	28579	49693	7735
25007	2167	48768	7701	10117
4225	5999	2352	12895	16286
52235	11500	14826	11511	8697
52251	28446	54609	57115	40872
1432	3070	711	1436	1462
2198	7591	3028	1436	711
1705	2084	40514	31613	46138
52297	1267	12654	33064	58178
12751	15215	19953	15213	15234
281	2185	5835	271	536
1500	1543	954	635	1231
31430	11265	59429	7843	23819
3	5149	4405	3838	463
476	3625	4725	2062	1254
52438	3755	15357	57572	15460
20703	58352	54730	35322	54735
31200	52486	61185	52482	7815
13230	4042	13498	40512	1847
5595	5908	8021	4184	258
25203	22809	33310	20671	56541
1705	1500	2278	2084	1070
52536	7747	7771	7784	34123
15884	4893	316	7701	3127
1406	1402	4167	1436	711
22	2031	2094	1462	4090
52608	56738	24990	41024	22817
2912	9785	649	4895	1071
14785	6024	7568	4462	11128
52633	2834	5264	10917	22791
1500	954	1705	1543	933
5524	57912	35780	31703	52176
4908	4901	9886	9486	3347
1432	5686	5641	91	3070
3194	8364	569	2031	555
6054	6257	344	4895	4908
24141	6595	11654	4059	33339
2783	1462	5384	1299	711
52765	28203	30839	16961	13450
6887	50626	1436	4049	24755
4902	3600	2666	5004	2031
6349	6929	38185	3199	57901
52871	256	5754	8190	16272
1500	1543	954	1705	1231
52914	25101	33918	50269	9617
5112	5073	4042	42629	5105
2499	1462	1432	1299	711
5999	2725	693	4170	12895
24146	36934	4033	57607	49232
26187	35049	49949	53449	24250
4155	34554	20544	32538	4335
22208	23304	40010	34700	28446
3	5149	4405	3838	463
561	570	17859	17880	602
53216	14826	40407	22965	8696
32282	60530	8298	24076	41860
569	3194	2031	1150	1
2720	7701	389	3127	2336
285	2336	8743	389	7701
53289	46346	43029	52375	16818
53296	56015	39361	27312	9186
12586	43891	42376	690	50242
15688	10205	5239	2550	191
53326	27207	18118	10532	24122
3194	2031	569	8364	1150
53347	53346	23318	53340	53343
36331	26517	53365	58959	52021
2031	22	7959	1003	28058
53430	34263	17489	5680	37152
53454	53450	25564	53010	32771
126	2588	1710	26466	61300
711	9158	1850	1436	71
17046	33063	1673	1676	191
25594	17116	436	2774	10247
13017	724	3206	4110	3847
569	6343	8364	978	3194
5247	1150	10839	6185	2783
14067	2031	1003	22	7969
13471	32872	3127	6540	582
7701	1585	3127	582	2336
53698	40872	49144	10048	22600
978	2031	8364	1828	569
15215	51534	53712	15234	29017
3536	42827	438	3271	3050
7701	582	2720	2336	3127
53750	55933	46742	53749	28435
31206	27467	31193	41630	49094
7517	476	4725	2182	443
53832	53818	47846	14707	53787
3155	711	91	1462	1436
4665	3022	11536	5620	544
3053	15215	29017	12659	15398
5613	52434	20092	20064	5094
2795	53931	8185	53945	58822
2212	596	2031	3847	13017
3965	1236	4263	4186	6790
978	2031	1003	1828	22
4635	4042	17455	10699	15639
91	711	3155	1306	1432
2031	569	6343	3194	3708
6840	55923	3516	6797	50450
8796	4003	2216	942	21192
50488	436	14454	8021	38502
91	711	1462	1432	911
54174	16383	42632	52385	28659
40230	16447	42075	43640	28849
760	3169	7128	10244	3005
4914	9136	6770	13065	851
21831	36516	37068	39374	23855
54251	1896	54252	42998	54314
6550	50626	28330	1436	1466
4003	24	942	11996	13786
3194	8364	569	30	2031
54432	61163	40407	54454	54439
54515	20550	39215	22600	16265
54548	53260	54535	54526	54530
10586	660	4341	4116	3113
4119	3262	3258	1081	7136
12682	6828	3271	3120	6408
476	2587	2182	549	1254
18231	1406	711	1436	989
7	2212	596	2031	3847
569	3194	2031	1150	8364
4033	35790	5393	40796	52938
54736	44941	53007	12817	18399
54758	28181	5017	44196	4981
40467	25823	24206	39283	26748
54785	40829	29093	39268	12191
34181	31713	38668	6415	5429
1500	1543	954	635	9
23874	3931	1097	7505	4191
1267	1340	3344	10057	586
1500	1543	954	635	9
1359	4895	9486	649	344
1462	711	2783	10864	91
1091	17418	54867	30036	557
7701	582	2720	2336	3127
4901	1071	2488	3603	649
711	1406	486	1850	1402
12715	13017	3717	16364	22261
8089	35496	3906	8290	15113
3028	711	1436	1850	1406
1500	1543	954	635	9
569	3194	2031	1150	30
55001	46844	44012	12122	4927
15230	12659	5046	15215	31927
954	1500	6060	804	1705
582	2336	7701	2720	389
25577	39215	18970	31358	17811
55077	55051	31430	1148	57881
5500	55112	52703	30868	61119
7701	2720	582	2336	3127
569	3194	2031	1150	1
55162	55167	55144	31069	55153
36940	57812	60730	57230	21089
3723	35	6343	225	16
41993	7477	47376	47563	24632
8351	31964	5763	20671	21472
1869	5484	4415	2640	4413
19812	7011	1760	11046	50291
23957	931	7969	7416	565
3584	6797	13400	37979	12957
8086	54961	41559	38035	40086
3271	3050	6828	438	6408
12567	9958	3960	52612	19317
37542	37537	37544	61342	39386
58567	11279	29615	34263	17489
55478	40810	55475	55491	55477
1867	9886	919	1094	8517
11975	8021	5908	5595	327
42835	38700	47258	42763	11051
3723	26546	15639	6244	2031
1752	8514	20359	27988	1747
55615	60465	52561	50582	61238
38860	52456	46992	58670	53939
4726	4706	6929	3641	2235
55201	36427	31369	42649	59015
3263	11327	1103	344	1071
91	711	1306	3155	911
55724	36292	32930	36594	5381
39115	17100	1828	3007	7408
7701	582	2720	2336	284
3036	41	16956	1297	1432
21576	19831	4158	2499	19373
1500	1543	954	635	9
569	3194	2031	1150	1
17545	2744	4226	1462	711
12602	1734	42003	39872	3199
54802	5861	55886	5878	381
4298	1071	4901	4877	9886
3270	6835	3005	467	2794
562	28351	8842	566	55953
2724	1500	635	954	1543
2978	19861	29223	31622	3033
12386	39226	34554	58724	25568
11610	1117	39900	11726	3344
26403	55329	18131	31611	9095
31117	56765	46978	59649	40080
25341	26263	11707	14225	12086
28203	28202	27785	16961	30854
660	11970	4341	6134	3273
6772	2301	94	2031	2586
274	1161	1172	2774	5595
10	14180	753	8360	4007
12479	7157	581	608	1690
2550	842	4194	11352	52130
565	2031	931	22	28058
3	5149	4405	3838	463
7701	2720	582	3127	316
37402	45853	48739	30339	24926
1288	728	3826	6343	8364
1097	361	3314	12398	30657
56351	2804	44023	26810	33203
23656	3206	724	4110	1695
45874	52184	20195	43894	15201
35560	56997	52302	13147	44199
11422	6937	18118	34263	12104
2567	40413	1766	5311	6408
5908	8021	4184	5595	770
2554	1462	1056	1150	2553
56562	30579	20906	20671	30665
34057	4110	3717	12715	20236
56608	28265	32825	6143	8092
56622	56621	14939	56619	55257
1543	635	1500	954	1231
5484	1869	92	4413	4415
570	1409	17859	17880	602
1500	1543	954	635	1705
1359	4895	9486	649	344
530	13085	40206	39341	20190
47894	43024	9884	34927	47854
5439	3083	54420	40407	38188
56814	51522	9910	12655	45382
56335	10205	40648	56827	35527
24635	233	3131	4726	711
7701	2720	582	2336	3127
271	2185	10623	281	536
389	7701	2336	3127	582
21387	21493	5311	8500	14054
14180	10	753	2352	1379
569	1278	43611	3194	3723
3271	438	3050	3464	6828
560	563	23741	56973	30878
52497	478	52856	59241	54420
2336	582	3127	389	2720
2113	12880	8089	4128	1999
56999	42075	23271	11045	28857
17955	4908	3080	6058	4343
3	5149	4405	3838	463
12880	4128	1999	8089	3196
324	3965	4263	1236	6790
1267	1340	3344	10057	586
1500	954	4116	1705	1543
3147	8840	10795	6129	11092
5770	5776	4718	35606	5696
57092	47563	15006	36811	30573
1500	1543	954	635	1705
57136	49105	36757	20671	38638
10895	11328	10907	57150	10902
233	11619	7832	3220	2284
2100	586	3344	664	1293
1981	5089	1944	1436	15498
842	2588	18848	1710	1797
12293	34247	60357	18880	34262
76	2960	546	3073	612
3194	2031	569	8364	1150
285	5472	2336	389	7701
1500	1543	954	635	9
22265	9734	663	1071	649
1905	29732	2760	4960	3041
16720	46177	27614	2011	46191
91	711	1306	3155	911
3708	35	47	225	28
10435	10442	2674	10482	16216
1071	4298	649	153	4901
7416	2031	931	565	1003
569	3194	2031	1150	1
8086	54961	41559	38035	40086
1071	9886	4901	4908	4343
5484	1869	2640	4415	4413
8021	4263	5595	5908	5149
728	8364	555	6343	3826
47962	5817	6334	53844	52906
9395	51651	19822	57447	41985
570	1409	17859	17880	602
3454	48784	3393	15410	3451
1340	38669	3344	51793	13656
46027	32454	48799	39857	31589
3952	711	280	480	376
23	2936	2744	1462	5393
711	2235	4793	5692	1436
1070	1500	1705	2084	4116
38708	52603	36934	57612	57617
26460	30561	2031	1003	3828
4901	4877	9486	4994	6058
1500	1543	954	635	1705
30756	3062	4725	476	2587
24	942	8796	8841	2760
3895	3078	25384	412	1742
41230	57686	44284	57685	13594
1543	1500	894	954	1705
57718	19157	13938	40562	13885
257	519	81	26353	6846
19575	2295	29107	9446	2618
1850	711	1436	989	2235
8089	3906	15113	7735	104
57851	46198	37129	44949	24498
57887	36757	35670	49105	20961
1543	1500	954	1705	4116
450	6780	48784	3454	15410
57940	6695	36963	44278	16712
26617	4143	29504	3600	39857
57963	7840	26411	12348	45423
3641	3292	41275	1479	7330
91	711	3155	1306	1432
55004	28060	28110	28059	5553
3194	30	2031	569	8364
91	711	1306	3155	911
6408	6429	2567	3271	9441
281	2185	5835	271	536
53200	56355	47831	53439	59488
257	519	81	26353	6846
3271	438	3050	3464	3462
11571	4117	4116	50513	17718
2173	5149	3627	974	1273
35200	1436	4925	15913	28330
42361	1462	3194	13085	569
5719	5908	10575	9895	8021
20413	37765	15215	11251	40489
3194	739	30	569	8364
10777	4116	1086	1619	2084
91	3070	1306	911	3155
11112	11109	11823	57574	37904
954	1500	1543	1705	1231
58301	21398	53319	54581	41404
1948	40340	60376	5030	14647
58329	10806	50031	24743	26184
2441	4901	4877	6058	4908
35496	15113	8296	55327	12880
1436	9764	711	1424	3028
2031	7731	5675	2094	45419
58387	58388	58400	58397	58401
753	12895	2352	1343	14180
1097	4191	3931	2979	7505
3393	50526	15410	479	450
35350	58430	44667	24235	43014
18176	28580	11422	25874	4919
58463	1993	43724	58469	13932
58497	31576	15043	54735	59909
15322	3727	17354	740	944
10320	44678	49932	14494	5143
1161	274	2774	8690	342
2043	667	35928	4037	4014
4298	649	153	3080	4901
34505	2720	4893	2579	582
3258	711	9158	1850	6923
11302	1172	5484	4415	1869
569	2031	8364	3194	978
7389	57201	30435	49623	11841
3614	2587	2182	5264	476
41935	40972	44177	8579	52460
443	476	2182	4725	1254
27974	58742	58745	33661	58740
569	3194	2031	1150	30
3005	9420	5936	23504	19115
58796	12137	51358	41253	28458
3708	569	978	3194	6343
5376	3380	39547	14451	5375
1071	4298	649	153	3080
25299	60730	39226	31369	34554
3125	689	2150	2897	12514
91	711	3155	1306	1432
569	2031	3194	8364	978
11610	56000	12600	11726	401
18382	1406	378	1400	9359
1097	361	2979	6380	12398
11536	11405	12895	2352	7836
569	3194	2031	1150	30
14180	12895	8360	4007	7764
564	10482	566	21457	36806
1071	4298	649	153	3080
58989	61549	16168	58352	52953
1071	4298	649	153	3080
6129	15597	10795	7	11092
581	8603	35482	6231	608
5484	1869	92	4413	4415
47009	19168	14021	6481	44183
59126	18838	59140	55485	9962
2744	1462	5393	2031	711
2336	582	3127	389	2720
23	2936	2744	37775	5393
1071	4298	649	153	1082
3708	225	555	6343	35
1543	253	16211	1500	875
2379	7011	8514	10457	5311
869	15215	3344	586	664
378	1436	711	1406	8337
38658	22208	34260	61598	20204
13086	7701	582	3127	1585
76	2960	546	3073	612
1071	4298	649	153	3080
28793	12086	13668	15549	9401
13017	3847	3206	3717	5515
59391	10993	1753	51578	59390
58094	35723	47313	51168	9959
59429	31430	60781	31782	36733
45340	28765	2556	21777	12654
14506	2031	7416	1462	931
35790	35771	15984	46106	46077
7904	48404	48401	48397	24707
14897	17697	19394	2586	9247
11970	4341	6134	3273	24047
954	1500	1705	1543	933
13629	3677	22	12501	3068
3034	17274	30464	21545	711
711	1406	378	3070	486
2169	4462	11128	6024	10109
57955	43557	22209	59628	50660
47663	59662	56765	56238	54922
59688	59699	37403	4103	37373
1867	919	9886	1094	1071
59723	26108	60515	30624	59718
3120	3271	2567	3272	3005
3659	17671	9886	6921	20145
585	586	3344	1293	664
56367	517	478	760	6429
59800	4725	59254	32098	34600
59816	5069	57809	3279	6366
42251	61132	40079	41079	42253
978	3826	5515	6343	12373
563	56973	30879	562	48652
59867	14826	27087	45715	8703
30970	8337	3070	47453	2235
2744	1462	711	23	5393
660	11970	4341	6134	3273
59927	25325	48013	27863	59951
6343	3708	1553	569	978
37212	57544	28699	402	2155
6262	11097	3043	1861	4056
60023	42937	55702	472	459
2031	22	1003	1462	5657
16	6343	6059	43	225
17616	39314	2721	52561	17575
9886	4908	919	4343	1071
476	4725	1254	2182	2587
1071	4298	649	153	4901
56954	478	52856	59241	54420
23202	6929	36392	48423	19930
476	2064	1254	2062	4725
9886	4343	2898	1071	4298
15597	10844	4187	9030	47946
565	2031	931	22	28058
412	22265	25702	9734	663
19450	28606	1071	12409	4877
94	2031	7959	2301	8902
591	1354	2586	9246	2336
60399	33796	6306	28829	60911
60410	44039	28328	32651	3761
711	1850	486	1406	1436
3949	5149	382	974	294
60440	14826	3488	23835	23690
711	486	1406	1850	709
3194	30	1595	592	8364
6062	32308	32974	40199	35551
60499	44882	33534	59267	15006
60508	18504	60506	18494	29349
9100	1003	13085	569	1828
91	711	3155	1306	1432
23080	54846	31126	38666	51625
29416	48423	6047	1705	10147
5908	8021	5595	4184	770
1462	1299	711	2783	10864
47563	15006	34844	60364	37796
3005	467	3066	6372	5311
52635	59806	52849	31898	23802
60685	8304	57881	60672	1181
105	10739	44885	12243	16663
2550	4194	11352	52130	1668
60738	60873	56738	17425	42543
60759	28709	32269	26562	26563
4876	44953	2158	4914	6772
31611	49103	19792	19791	31601
3	5149	698	4405	463
60846	19994	37983	53013	6605
5249	476	2182	2587	443
3	5149	34	4405	463
60895	59429	11278	8304	31782
7781	8089	32219	104	12880
1071	4901	649	9886	4298
1500	1543	954	2724	635
7	2212	596	2520	25215
569	3194	2031	1150	1
569	3194	2031	1150	1
668	40240	29952	29504	28657
1944	711	1436	13302	9158
22535	22529	7865	22531	22101
32801	10480	36806	58115	36353
3649	1097	1091	367	3220
14335	3905	4128	1999	13831
2092	7754	2031	1023	2094
5149	296	2173	974	3627
22555	41563	34554	60730	49876
3717	13017	4110	737	3847
6024	7568	4462	11128	6644
5484	1869	4413	4415	2640
2813	27815	61156	8721	52231
61170	61169	9034	1705	12639
5188	1462	91	3155	1436
711	91	3070	3155	1306
43	752	16	13174	3735
476	5351	443	2064	8701
5447	711	1850	378	2235
39926	427	5015	15732	10324
2814	6774	2822	9837	9438
2588	842	2550	6999	1710
569	3194	2031	1150	8364
8364	555	978	569	225
1959	398	3952	376	12531
2550	4194	11352	52130	1668
104	12880	4128	1999	8089
9158	711	989	1436	1850
61387	41224	7092	52190	55024
8819	1003	978	1828	7408
91	711	3155	1306	1432
8904	61136	49945	49423	15210
61437	44606	17575	6716	52561
3151	4059	2783	711	91
8021	4184	9895	5908	6972
61489	46076	45173	33176	33146
9684	14787	34406	43070	20195
61511	60730	15546	46054	26748
711	9158	1850	1436	71
44727	26748	26526	52143	57230
3650	2505	3652	7381	20765
21394	26184	10806	24096	35231
1462	1432	711	91	3070
6244	13085	1828	978	2031
21241	20671	18165	25203	27458
13922	55225	37305	17365	25762
26037	11726	8648	591	56869
711	1850	486	1406	1436
5179	1500	954	4116	1705
2284	3220	5090	3131	3641
12053	6392	57478	1406	4013
10065	2031	8922	28058	19964
5908	4184	5595	770	9895
52136	24635	15868	23936	40179
91	711	3155	1306	1432
2720	7701	582	2336	389
1406	711	1436	1402	486
271	2185	10623	281	4250
