46	44	1309	53	300
85	57	3523	466	78
189	35667	39087	27905	5223
14154	34950	18604	35630	4166
750	732	43	615	555
792	9716	2674	1585	292
403	402	60373	2679	23995
446	457	445	439	459
280	6	71	258	1
357	1890	2167	615	284
653	258	770	1266	427
726	46858	745	734	14
1152	2747	635	1685	1231
35	30	39	225	43
1034	1036	56680	56682	50107
7719	38092	27233	7693	8164
342	3649	427	1205	923
1313	10057	15225	45809	33064
1420	23433	37541	35314	5890
37759	5169	1454	1436	28993
37439	1573	6293	37	28
1989	5073	5112	4042	5074
1152	2747	635	253	1231
2189	34623	44151	44149	35650
2229	59289	10807	41882	47770
303	2651	2657	6289	4864
2415	2420	2430	34339	2443
2543	1630	1685	293	799
284	303	2651	6289	792
1494	5614	6703	9399	11092
121	117	818	7829	2747
3122	5032	5031	289	3021
2842	58809	42932	23829	8342
2900	2899	58700	2886	1806
760	7115	3169	467	2794
1890	2167	615	339	9399
3178	5461	23874	413	364
3235	30692	6113	3928	3199
3261	3294	3287	3293	3291
460	38	13784	15	7413
3519	13375	3518	3494	3517
3050	3271	3005	6828	6366
20	19	94	462	615
3678	361	2284	376	3080
462	20	615	236	1
3762	38585	3761	54708	3757
3600	5004	2666	2198	711
3802	2416	2430	2456	2452
3947	4194	842	160	191
4112	16038	16063	16047	16072
4180	4173	7833	48849	8320
770	258	1266	653	4250
2541	50341	4349	4352	289
4384	56045	46041	9505	28648
92	289	583	253	3080
280	1	615	3218	91
4516	2167	357	339	2158
280	258	6	4454	1150
4663	4630	2199	4059	4635
30	43	35	1	3735
104	15728	3906	34605	2113
1343	3826	753	734	37
4174	376	1141	1138	7806
5207	7021	1710	38970	17449
5245	8701	2587	1246	3625
4194	842	191	160	126
2441	649	1071	153	2479
9	1152	2747	635	253
5557	289	649	1088	3122
91	911	6	280	6757
5685	11910	54035	5684	20671
1	750	732	43	615
5785	36601	31744	1085	36159
5831	13958	22475	13961	52890
5948	51680	42590	46054	21086
750	732	43	615	555
2651	7701	582	2581	2336
6075	25111	41294	54229	6074
284	303	2651	6289	792
6174	32551	17359	38802	21316
6	280	1	615	4454
6256	53264	52740	2535	11750
5307	2568	6289	2651	2657
6309	6293	19149	17180	1994
281	271	2185	4250	536
6380	361	4191	341	5461
746	45205	2373	370	9243
6640	36327	28913	36100	25886
4071	11924	26426	3147	3754
1	750	732	43	615
296	34	3	2173	342
6881	26503	9158	6894	26520
6944	34705	43956	18167	16331
734	750	1	775	732
7029	9068	54836	53499	31953
354	649	2479	289	1071
7204	7215	7206	7230	7222
3273	3278	4341	11953	11945
3343	759	191	3947	842
160	4194	191	2832	6999
2925	1867	365	11302	8517
443	8701	2587	1246	476
7517	1254	443	3625	1246
7547	1404	9764	1297	8377
7601	637	1742	30094	194
7656	7621	7630	7648	3244
7719	1710	13656	18825	19663
121	117	818	7829	2747
7849	54729	4963	17102	22004
5070	711	989	3070	378
6828	3120	6372	467	2794
7954	16264	35593	7962	41295
813	8006	689	3125	2190
8057	6085	3343	31046	40078
575	660	3273	1687	1357
8283	8302	8256	14452	9647
34	3	296	6	280
587	462	9	253	233
8422	8433	8412	8416	3894
4042	28330	3927	1847	4122
580	792	284	303	578
8514	7011	23159	2379	1819
182	10733	2113	15082	10730
303	2651	792	6289	2657
378	711	1850	3952	451
300	53	772	15	245
8763	21635	21636	21642	45855
10	4007	4333	14180	2352
3649	7101	203	396	367
8924	4947	1710	842	2550
1458	8947	2031	52136	8957
8985	8984	9001	8986	29153
9041	41153	20195	43538	59582
509	44	35	1316	245
6	71	258	1	1266
9275	9274	15450	29558	57062
561	1423	9301	602	9298
9445	2618	19575	33594	29107
9504	13138	48359	38011	18860
9597	770	258	7027	1266
9662	26421	8576	40829	25867
3337	954	635	3199	4116
9747	34623	44151	35650	3961
9787	7597	9789	5603	28124
3123	404	1510	580	2729
1867	1103	467	3122	4298
1152	2747	635	253	1231
9927	16225	48205	4059	44416
1742	412	813	4213	3340
10037	56416	13088	56426	16284
6	280	1	615	4454
10115	48536	48538	48535	48533
10165	24626	8435	41038	8438
10208	9068	15892	10212	37611
1088	649	153	289	4298
126	16880	160	842	5561
10359	10385	10364	10372	10362
3780	8701	9474	5245	2587
462	19	587	504	615
1377	5595	5908	4184	770
8089	3226	12880	3196	15113
3498	10630	3453	3482	546
10676	42833	61440	38686	41435
10698	3226	12835	12326	581
10722	10740	197	8533	10735
1943	280	31421	1275	3024
2234	25159	7924	12771	2352
944	740	24	1889	592
561	1528	602	570	20299
4616	8300	5377	10895	3779
42370	17698	42372	16892	10921
10976	10975	49397	59386	34606
11061	19576	53603	2789	19568
11096	339	769	7908	5468
975	16798	1138	1141	6195
11174	11177	11167	11173	45848
11195	11191	11190	11200	11197
2281	8671	49653	28343	19057
11320	11319	53620	34486	33824
842	2832	160	4194	10999
4545	38302	38299	5662	38297
11435	4990	38416	47331	44738
3443	9449	2587	549	8701
1547	16117	43174	7836	9469
11591	18345	22872	11217	38486
280	1	615	4454	3218
750	732	43	615	555
235	574	462	1	1320
11774	11773	11768	47923	33196
3655	3638	1103	3122	1205
4142	25795	35770	59454	59452
1	750	732	43	555
11959	11945	11948	11949	11950
12009	52006	4960	13688	3041
511	300	35	7413	772
615	1	6	732	462
923	342	289	1172	1103
9304	9298	593	3702	9340
12251	6993	9537	42075	50722
12268	12270	12263	12264	12262
1685	1231	2747	1152	253
4666	4657	23105	38651	55912
5273	13775	3940	23960	4250
2724	635	1685	1152	2747
1766	3266	6408	6429	29333
12411	5443	35198	6581	13405
12474	12434	12437	12445	12448
12643	12656	12642	40977	58178
3537	12684	2150	438	3161
12711	12710	43066	29543	8538
12748	54053	11682	6843	32054
8841	3792	942	5673	4003
7886	2286	1103	3263	3122
121	117	818	7829	2747
12907	54385	11215	11855	12913
5351	29214	4360	4120	476
12951	12954	42870	48871	43667
2810	2479	3122	60	920
1585	284	303	2336	1304
6533	799	1685	2432	293
13149	32304	12889	60308	17544
649	5032	3122	5557	583
13262	13258	13255	13264	5083
3	34	463	296	280
19825	7314	22185	7316	55195
4638	2062	2834	4639	476
561	602	1554	339	16353
13504	51772	23835	44509	23819
10587	13065	26046	50203	23030
9	1152	2747	635	253
13658	13629	40	3068	28058
734	14	30	3826	451
2063	3438	3396	3446	2062
156	44752	842	126	5561
13960	52913	47968	52901	47969
2514	27528	1283	702	7414
14020	32154	33456	31627	17104
5603	1685	720	799	797
14070	14073	15078	14078	14092
14111	10432	2062	2587	3438
1252	5651	4171	451	1419
289	649	5032	3122	5557
511	35	300	7413	772
14310	53631	51269	48002	51242
14328	13831	15088	15100	8855
6	280	1	615	4454
37146	17462	14388	14394	35887
3196	104	3906	15728	12880
105	12880	2903	104	3078
14502	10272	8549	28435	467
14549	11769	17668	564	566
770	1266	427	71	7806
3380	2185	536	271	443
2889	649	3649	361	635
14712	14706	14720	17124	8059
14776	2529	19798	13629	15202
3396	1246	3446	3615	2587
4331	3625	3779	44975	23960
14849	4173	4171	1138	10292
14889	46068	14875	14879	27088
4131	21071	32702	35191	40467
1850	10258	1140	3220	711
14989	13102	54577	24455	48089
4442	2284	1140	3131	41
15045	58830	55310	7115	9851
3906	15728	34605	3196	10089
4870	1992	3600	2198	4405
15155	58326	6429	15410	58328
6533	799	2432	293	1543
1409	9295	724	593	561
6121	570	561	16531	41192
15341	34672	15203	18333	47201
14	734	750	1	775
92	289	583	253	3080
15407	2101	56997	15215	52810
9705	752	28	3922	7413
15560	6155	16622	16618	16620
15620	18927	33329	15913	25583
15658	12603	30582	51885	30583
2588	126	842	16880	1710
1719	16538	37796	39096	38874
10089	3078	182	15728	7592
15776	27079	4271	2755	1879
1	732	615	555	30
15875	8138	45193	39945	15883
612	50526	3522	438	450
16095	16038	16018	16046	16086
575	719	660	3273	1357
3	34	463	296	6
289	649	5032	3122	5557
3348	6533	4530	2084	1153
22	709	7408	3068	19
6	1	615	750	280
570	12066	3154	2167	851
18	7560	9103	5004	27182
14336	16468	14333	15084	14328
9880	602	8479	5463	357
1152	2747	635	253	1231
256	257	19100	81	770
10	4007	4333	14180	2352
1	750	732	43	30
16742	25121	10108	33226	22311
16772	16771	41368	55868	2078
16798	91	6	280	1140
3245	635	2724	904	1685
3826	30	282	750	1
152	2588	354	3078	17656
289	649	5032	3122	5557
16965	17340	9068	40686	39628
427	258	1266	770	280
16902	40997	26466	40617	24352
15716	32382	14180	1379	753
15749	3189	274	514	18540
904	635	9	894	1685
9963	16792	734	14	10682
16140	17202	12715	2031	19859
2160	1152	9	2747	2432
5249	8701	1246	9694	4588
4588	14790	3396	1246	3615
6334	3631	21545	7568	3034
5523	1320	282	912	5384
17314	4500	1732	17294	3312
2966	544	1573	7832	3933
17401	2811	7250	3273	6134
6999	842	35412	191	2832
4114	3851	5999	3076	5620
9	1152	2747	635	1685
4110	3717	9301	737	3847
4116	635	9	1152	1685
17674	24274	24275	10068	17673
3365	4817	8279	2945	44133
49676	49677	17742	17737	3652
3895	1794	3078	169	7592
1266	427	653	280	71
17843	18405	37738	22082	23986
30	288	750	43	53
17916	11241	49524	31567	4930
4168	25	711	4252	3028
608	581	3226	3894	606
1152	2747	635	1231	253
1760	21387	8146	5311	467
8687	1387	281	1115	271
6774	7724	9829	14598	3275
3652	2505	993	3640	444
18124	5848	7382	18143	20143
94	236	20	462	19
6	280	1	615	4454
2740	5459	556	804	9
9	1152	2747	635	253
7115	2960	760	54421	76
13462	9086	1278	3194	3717
2725	2744	1850	711	3007
3273	3278	575	4341	7256
580	303	578	8647	2657
18521	10232	5633	10236	10228
18551	45937	45566	4249	27441
3070	711	1432	486	1850
5004	2666	463	18	486
743	2520	1921	3142	16382
18641	18639	18640	436	925
18210	361	3649	2479	4298
698	34	3	463	296
18776	18167	29356	43585	45308
5595	1266	4184	770	71
3389	1249	770	258	256
29608	25584	18949	18967	18957
19004	1408	18987	18985	16956
792	284	303	8647	578
923	1266	258	427	770
19144	54036	54038	56539	1372
41	6	280	2306	568
3119	6366	3965	6367	6790
2794	1867	2808	3005	60
5484	92	4413	649	6058
8687	281	1115	271	4250
19297	19296	25453	19290	29537
6533	799	1685	2432	293
5523	43	555	38	250
12727	1270	1867	2794	5857
724	593	9298	9340	5609
27990	18556	52949	23831	50490
875	894	2545	635	1685
19457	19456	56650	36069	19464
19474	19809	4902	5055	2666
9	1152	2747	635	1231
462	732	615	43	750
271	2185	536	4250	8687
1285	1293	25716	29161	7324
9438	7724	9829	14598	3275
912	30	750	35	225
19692	26129	19586	19602	43637
9785	2912	1103	2321	7886
6727	635	253	293	1231
1266	770	427	653	280
19926	17231	2555	6967	19923
10267	5835	281	2185	8687
9	804	1152	1546	1153
544	7836	3933	71	3826
1	750	732	43	615
20070	32452	6068	23653	47536
919	19827	1094	21490	2488
9	1152	2747	635	253
5895	4191	341	3931	5984
5561	16880	126	12377	156
240	9	462	233	253
432	451	71	6	4454
2109	7798	8855	3893	13831
3273	1063	7693	660	1357
20341	32	507	750	53
9449	3443	443	689	1246
2148	1152	1199	2747	2912
20404	20406	20412	20403	3331
3258	91	911	569	92
3273	3278	4341	3113	1117
6	280	1	615	4454
3	34	463	296	6
732	504	750	250	39
20590	43350	42295	25209	45381
236	38111	94	1298	240
4128	7798	1999	3893	2113
20677	20684	51540	24867	51539
583	253	289	1152	587
13862	13247	20715	20726	9938
5459	9	1152	797	7277
20756	20758	20757	40573	30522
20769	19685	20780	20768	20774
15106	16478	13829	25633	16468
5459	9	1152	797	7277
20825	2069	12562	71	1138
20915	3679	51552	45457	30607
15120	20951	20958	20961	19883
20993	13510	15436	1602	60450
1179	81	501	18498	26353
5858	30803	23374	38677	30654
3150	3130	7749	8710	720
20805	1462	4084	3285	5188
19141	29589	21168	21163	52636
1685	635	9	797	799
3820	5552	4986	5505	12051
16969	21250	21247	21246	21263
1	750	732	43	615
21358	27061	27992	17087	57115
3050	3271	6828	438	444
21456	3678	1097	7503	20873
2196	711	3028	4793	3258
1705	1500	1543	2545	954
3631	21545	3630	3036	1432
753	3826	1342	1343	1299
5392	2352	940	753	4007
12514	3050	6403	7046	3530
3860	463	3	432	6
21619	23915	19695	19620	47977
21655	21654	30175	55908	19203
21744	21743	21693	21726	21670
760	7115	3169	467	2794
60936	60942	4059	4110	4033
44337	40399	44341	15854	7354
22008	21923	33800	43751	18773
1152	2747	635	253	1231
1152	2747	253	1231	1685
8296	18698	38651	3890	61352
6231	12326	3226	5168	3196
3120	6828	3050	3271	467
13173	22110	1146	653	12024
22133	11796	22152	22142	22150
1327	584	4895	583	5160
4332	13758	57153	13289	2052
6	280	1	615	4454
22222	22215	11967	3113	11945
732	43	1	750	30
18331	54903	2669	60341	30119
22331	6145	40423	40829	49775
22369	48273	60873	52355	26021
734	750	775	30	732
22411	22437	166	6248	43894
8089	3906	104	12880	3226
2178	11425	10109	11143	6024
22528	22101	22526	7853	16085
1172	923	92	342	289
30	35	43	282	225
1152	9	253	2747	587
462	233	1152	240	583
289	649	5032	3122	5557
1790	2602	6141	5459	2148
22712	33483	61538	26166	28363
3086	117	367	368	369
49660	26353	261	495	498
660	3273	3278	4341	11953
4513	967	30	569	43
38593	22783	9474	443	476
12503	4174	71	1138	975
1251	770	258	1266	653
586	587	4364	1685	635
22885	22884	22845	59742	22855
22932	22929	22942	22934	15361
22987	18095	22989	56964	43114
5247	13174	4454	20341	912
23041	12231	7005	14370	1800
16957	31528	30385	16956	1462
23107	3709	27206	40184	29635
6129	8840	10844	7	3147
23153	31233	34247	34262	55288
5603	1685	720	797	799
23195	34447	92	19345	2626
6	280	1	615	4454
1254	476	2587	1246	3396
30	1	912	4804	775
5461	60	4883	27697	413
280	6	71	258	1
23432	31902	17489	40829	55922
23488	13138	18735	38379	47687
6835	6828	468	467	3120
1944	4174	3641	3262	1141
275	35	772	39	1309
284	303	2651	6289	4864
16907	59565	8137	15201	32480
226	4232	4880	8662	1296
593	9340	573	3702	5609
558	8555	449	30772	566
732	462	750	555	43
40743	41794	41787	41789	1235
23777	18657	23789	6372	20755
23853	23852	23851	44843	34817
1369	11435	18158	57389	8120
552	11630	39098	1315	973
580	792	284	303	578
23954	8701	3780	9474	2587
43	750	39	574	250
2175	7408	6507	2174	5657
15322	45505	11682	45499	4003
160	4194	191	2832	6999
750	732	43	615	30
342	923	1266	258	427
24107	11945	28055	25614	3278
11934	1306	91	1298	5651
24165	26752	39707	20152	30134
3393	1246	476	2587	612
24208	46864	52197	10187	18427
7832	236	693	1573	240
3754	14353	3147	4071	11924
719	3273	1357	571	1687
24264	43897	42985	46520	9068
24335	1710	32567	2550	60497
8814	11121	6244	1316	46
11405	544	7836	4170	71
24514	24492	60308	41546	42314
24546	7827	24535	24532	24537
3663	344	11327	1071	3080
2321	649	1231	9	354
24649	42305	16265	10520	8185
24677	24661	24665	24663	24664
24720	57999	1020	5995	24214
24736	24739	3939	22871	12531
225	53	30	35	1
389	582	2246	2720	2336
19100	257	81	756	770
2747	2912	2432	253	635
12880	104	3906	3196	15728
24892	10183	21205	41426	27207
24962	602	51621	5582	25542
24991	46068	50485	52649	41489
342	923	1266	258	427
4099	6869	30640	22743	1436
14250	25135	29342	25136	22389
191	842	2832	160	4194
258	1266	770	427	653
427	258	1266	770	280
9460	799	635	2747	2432
4815	4814	36611	4842	4924
556	5488	462	19	240
2158	9136	4914	851	303
9	1152	2747	635	253
438	3050	3271	3393	3537
5103	25358	25354	25362	25361
25369	25394	25390	25403	18775
25444	737	25440	3847	8506
24	13786	14	1889	734
4925	28330	1436	4059	12531
25533	39339	17731	46480	17733
1	732	750	555	30
382	1954	975	974	1850
25600	44357	61634	55390	58272
451	432	5651	14	734
3906	15728	34605	3196	2113
20245	1071	2488	2441	4298
3826	30	282	750	43
3	34	463	296	280
25722	7882	25719	25726	25725
25762	1937	37305	61639	32683
443	2587	8701	1246	476
4798	152	2441	4899	649
3693	6408	6214	6429	34849
6936	413	4883	1097	361
912	30	750	1	35
895	2432	9	2747	12371
9460	799	9	635	2747
284	303	2651	792	6289
19013	13093	6813	3070	32471
1543	1685	635	797	954
26119	30158	30155	17011	16993
4816	583	649	8335	2889
34	3	342	3131	289
1299	2980	91	709	1306
10865	30864	18918	50088	56085
9460	799	9	635	2747
277	288	53	300	225
26285	49542	18991	26526	36331
15745	427	342	2774	12860
432	5651	14	734	486
1257	12414	43007	8304	18910
1001	1251	770	258	1266
17426	3868	20434	49381	17416
284	303	2651	6289	792
56	8555	8738	560	449
17782	6324	1739	6047	50971
26583	3258	3220	6923	3262
26607	59746	40160	1438	35228
2838	679	5608	8740	1309
26707	29515	29531	17654	29519
1	750	732	43	615
3625	2587	2062	3446	3615
3075	6953	5620	1857	2352
732	43	615	555	30
734	775	30	732	590
81	26353	49660	257	1145
587	9	1340	253	1685
280	258	432	4454	1150
1402	1388	711	378	486
27002	49683	56109	24388	45248
369	368	3086	45205	370
27092	52921	60741	21091	18542
2814	6774	7724	9829	9438
7390	19549	12932	27145	12930
27156	772	245	1316	15
24590	9247	36819	15847	6728
5010	49107	42638	40228	58593
27231	6191	47494	1710	1799
30	35	43	282	225
4511	3271	438	6828	3050
27282	34091	4517	58362	18451
27289	31652	1721	8827	3000
27303	15350	27323	34422	13454
6058	649	1071	1088	3245
303	2651	6289	792	2657
27434	17394	2442	1221	2321
10810	1889	1857	3043	4225
22211	27517	60158	53858	45749
17	245	53	225	772
9726	27526	31362	2150	2897
27583	18124	15375	18157	7382
9060	23831	1850	4726	1081
1152	9	2747	609	253
27698	27701	257	519	6846
27749	11448	31262	59893	6223
289	649	5032	3122	5557
10309	7249	27778	9703	13111
2722	5614	6703	2723	1494
3625	621	2587	1383	476
27831	27837	52239	33268	53371
27863	27862	1892	10512	59951
27881	20037	1000	21026	10381
27904	36003	61495	52900	11333
15464	27913	27922	26025	51978
27968	14248	3973	753	4007
28016	50269	50254	12715	46839
2832	160	4194	10999	1668
4426	22635	48849	45158	587
11953	28055	22222	17393	3113
28100	27283	45842	51912	58509
432	451	71	6	4454
7934	44717	38938	44719	6095
1424	667	760	7115	568
6515	1489	13544	7594	4461
17236	15664	9468	1273	8403
3264	361	56	8670	817
28238	55936	95	56804	11330
1266	770	427	653	280
1270	4087	8075	4276	5461
284	303	2651	6289	792
28327	55685	12386	52259	49633
10276	8591	55918	33738	53620
15639	569	3194	3708	6103
28384	27371	61361	44039	30299
6097	6098	49370	28412	45258
28330	15913	2200	60978	8885
28514	49243	16796	28513	5543
160	842	4194	191	1340
28563	12345	972	28	3726
1926	1905	1921	603	3142
28607	28599	28621	28604	28602
4015	711	2980	91	1720
1011	16892	42370	274	1161
1419	8377	486	16353	451
842	160	3947	191	48596
750	732	43	555	615
378	5393	19808	4035	3717
236	1573	240	94	556
28909	45751	46618	3171	9521
29017	19390	28998	17166	29009
23465	23469	23462	1921	57314
29086	4343	4825	1948	20541
29109	29127	575	7258	29129
12375	40505	26027	57704	7331
427	342	4018	3959	258
5615	357	6736	1494	6703
750	43	615	555	225
954	1685	1543	635	1500
194	813	609	412	2912
4417	92	3080	289	361
504	462	1	732	615
3164	20	565	7416	7403
29457	1742	3895	169	3078
29526	29517	29519	29522	29535
29566	19961	2031	10231	19
13001	39263	949	55806	60101
713	30	1	750	43
394	1172	923	13629	5908
5681	12468	2499	15974	5641
1152	9	253	2747	609
1132	1299	2306	1306	5384
8885	28330	14647	11075	25190
9219	22681	31751	20735	44752
4084	4156	4013	1462	13325
2950	995	10258	2956	1867
29844	29848	29839	29843	18855
14534	6109	16382	32839	8477
16595	16596	1094	919	38948
28362	14183	941	40380	944
29922	21498	3002	51690	6652
29959	41641	35884	20571	43066
29974	21330	29977	29984	18201
30007	30005	48203	41556	902
236	19	462	94	1
20341	507	31330	32	250
597	792	449	8648	591
30136	53289	5751	28505	39120
906	1231	1544	9170	2657
1267	587	233	9	7702
30204	5754	27045	256	23199
753	3826	1342	1343	1299
303	2651	792	4864	2657
2299	4523	3080	2562	5160
679	1595	555	39	43
6000	5673	3792	8841	25775
30272	280	3952	1387	376
4225	2352	940	753	1342
19138	19137	22433	37690	22439
8923	57339	54035	46019	7884
8701	2587	1246	476	9474
6	732	462	750	555
3218	6	1	615	750
30470	30469	30467	53839	30451
15255	30491	19037	30485	30490
3275	9438	2505	9830	3652
22680	30531	30539	30535	30544
30595	20929	30421	9550	26322
750	732	43	615	555
3976	4001	3978	1462	3973
30676	536	5667	5471	271
22321	7305	31028	52136	50886
8858	3245	30702	845	4901
3	34	463	296	6
8701	2587	1246	476	9474
14	1889	734	942	30
561	1528	17880	602	1409
18424	584	4895	583	6249
1528	5468	13430	13434	54
3142	1921	603	7	1137
23741	563	30772	567	8555
19378	52136	24433	249	42075
30922	45579	44165	45578	27415
1266	770	427	653	280
12291	2432	1111	12371	2747
30976	50699	30978	12869	59979
734	750	1	775	30
9	1152	2747	635	253
31030	31022	31014	31024	31025
31039	3145	1359	6249	584
1	750	43	555	30
9734	6058	649	1071	3245
31166	49370	42878	6097	6098
2915	689	3125	12514	2897
53	300	44	288	225
31280	19163	50152	22682	26237
24705	13302	14562	480	4415
1342	2828	753	16932	1857
76	2956	546	2960	3271
5263	33129	398	5253	2616
7416	565	20	19	236
31421	31330	1275	51031	46531
750	732	615	555	574
4003	8841	8796	942	2216
4816	649	153	5032	5160
31490	52359	48419	12386	22866
586	3344	587	4364	233
17497	5185	1199	1637	5459
15042	5908	5595	4184	4314
225	43	53	30	35
2148	1152	1199	2747	9
30337	30335	39840	22474	44476
27204	12091	30664	20100	58838
303	2651	6289	2657	580
11703	5368	1003	569	1828
31734	36853	47848	56411	43710
6	280	1	615	4454
11405	7836	4170	71	1150
357	1890	2167	615	284
31844	19189	5971	9577	32197
7931	20755	5293	9829	7724
945	3356	3194	713	679
6023	1790	9	804	635
28761	12652	14147	55320	12844
31927	885	31974	12659	40489
3389	653	256	81	427
2666	5004	18	3106	591
9298	593	9304	3702	9340
32010	33821	766	24572	25671
284	303	6289	792	4864
3050	3271	6828	444	6403
2460	1819	2458	2379	1366
724	593	9298	9340	5609
32061	32078	32063	32080	3615
2807	17527	4838	17509	4343
48	12468	5686	5681	36354
17147	11457	24832	28843	35307
3273	1063	7693	3278	1357
15113	3906	3196	104	12880
8816	273	8347	8814	1283
1152	9	2747	253	609
25443	33000	12345	12303	998
1152	2747	635	253	1231
7379	730	5031	5729	289
9717	1001	81	4176	770
12225	26669	5614	357	16403
32425	17750	17753	32438	29910
284	303	2651	6289	792
32558	32521	45830	45835	10713
22405	7829	799	720	1624
32631	32618	32605	32591	32628
39	35	43	225	30
32672	32665	29899	20273	55726
4994	6492	919	4877	9886
409	1035	21455	9337	21939
1	750	732	43	615
2284	3131	4442	1103	41
3704	8819	737	734	3194
37643	7693	1063	759	3343
5149	6792	974	2173	3
255	973	972	29755	22935
9	635	1685	797	799
6130	770	258	1266	1001
33087	19850	27280	35328	1877
10053	569	11074	7723	10839
8738	284	357	20	1231
33182	34409	26656	8493	21995
60	3122	5032	5031	1088
750	555	7836	732	43
2986	9109	9107	13584	2729
5595	258	71	4184	770
19800	16396	4191	20732	7503
33332	19009	31330	25003	3920
462	19	504	587	1
7836	3933	3826	71	30
33417	23813	25666	56789	14829
33462	33461	31597	11535	61214
2216	4003	8841	25775	2236
22536	22529	22535	16085	22525
33495	3847	14	745	724
33517	33525	33543	33528	10548
33581	27795	14964	14952	30843
561	1528	570	8738	357
559	8080	2611	2564	2384
635	1685	9	1231	2747
1	750	732	43	615
509	44	46	950	17
574	38	43	750	1
245	772	300	53	44
284	303	2651	6289	792
33761	44828	53620	11320	44824
2587	443	476	1246	3625
12303	998	4226	39	737
20245	1071	2488	2441	4298
1	750	732	43	615
1634	6633	6057	799	2724
33956	38242	38505	38259	38244
258	1266	770	280	6
30242	44541	32744	39535	23426
578	580	582	404	2729
1052	923	467	6835	3005
2956	546	2960	3271	466
11	4007	10	4333	15081
5999	3076	3824	22687	4114
9	1152	2747	635	253
23444	13419	1528	39176	13418
236	19	462	94	1
3036	3630	41	3803	1299
4191	341	23874	3931	1097
357	1890	2167	615	284
556	5488	462	19	240
2020	20692	4306	12030	16932
53	35	225	775	750
34	463	296	280	6
463	3	34	280	6
34353	61851	16839	26239	61857
1	750	732	43	615
11792	11794	35913	11823	21986
9	1152	2747	635	253
3079	8031	10089	2113	3078
6024	6644	18	7560	32385
5717	20299	11640	5614	6703
750	732	43	615	555
289	649	5032	3122	5557
289	649	5032	3122	5557
324	6790	3965	6645	770
34523	34534	27307	57376	44541
3906	15728	34605	3196	10089
34586	653	13276	995	4258
34605	15728	104	2113	3893
10	4007	4333	14180	2352
43174	7836	9469	544	4170
34657	34656	34666	34647	22132
44125	608	35482	14565	17791
18220	34706	5219	1711	8144
1387	1115	271	4250	470
34737	34741	34734	34756	34740
4263	1001	324	4250	4268
34810	34807	38063	35818	5149
1634	954	5603	1685	635
14	851	743	734	16382
34848	39801	39806	1766	6214
5273	538	1001	12024	13775
15402	15406	34909	15230	34919
3344	586	4364	1685	635
34956	34955	60240	54721	9563
4254	2020	20692	4306	12030
1388	10292	2666	451	5650
34790	35028	35030	11628	16896
104	3906	15728	34605	3196
35078	1386	427	5908	5595
71	1001	432	653	1138
35117	26007	54639	14816	59614
931	20	565	94	236
4057	19387	30698	8589	53235
19492	35907	32921	25942	1061
770	427	653	280	71
281	271	2185	536	4250
35264	1803	15455	11217	27853
3036	3630	41	3803	1299
1988	3	34	698	4060
1266	258	770	7027	427
35331	41818	3957	35062	9701
1959	1387	481	15936	280
35376	28678	35373	6350	49855
3906	15728	34605	10089	2113
6367	6374	6366	3119	6382
2468	2149	6016	3960	12514
35448	17909	12674	3669	28567
34	296	6	280	463
346	13433	1416	28203	52765
11302	923	289	649	342
460	8054	264	31	244
3947	5414	5413	35522	5421
39	35	43	225	30
35610	16276	58618	4293	29832
296	3	342	3131	289
649	5032	3122	5557	583
476	2587	1254	443	461
12742	15389	34897	15402	15230
2848	15525	14090	35708	23971
8146	21387	41658	1760	1816
14163	6616	16	288	1316
9764	9671	5650	7586	1388
160	4194	191	2832	6999
744	35821	19278	19374	4306
975	71	1954	91	1140
35868	13931	679	978	12046
34208	34207	9068	31954	16965
35929	35931	2149	35943	7046
35967	8184	35968	11955	21528
76	2956	546	2960	3271
9854	9829	7724	23789	14598
35994	36000	2778	16227	36007
30	35	43	282	1
7836	3933	71	3826	30
750	732	43	615	555
1270	341	413	368	361
36067	39324	22162	14738	41648
2651	582	6289	2657	2568
1798	9799	34549	10456	6016
284	303	2651	6289	4864
258	1266	770	427	653
12024	13775	1251	23960	4263
3119	6366	3965	6367	324
1999	7798	7794	14328	8855
912	30	750	1	35
254	20488	2602	13331	6060
2762	26138	4960	2760	3041
303	2651	6289	792	2657
1152	2747	635	1231	1685
1097	4191	6058	7503	5484
449	563	36801	19092	558
9170	19954	578	2666	580
36378	30094	1742	4375	56006
36402	18018	44955	34372	54396
4901	641	2441	649	1500
36465	5088	2931	46	282
36476	8688	20728	18232	3251
641	649	1500	4877	1071
649	289	1071	153	1088
153	1071	649	289	3122
36615	4815	4842	33468	30570
152	2588	354	1071	649
1	750	732	43	615
32463	29468	32634	33507	57933
3895	818	121	7592	152
257	3389	1249	770	258
87	258	770	1266	1001
13831	15100	15088	2110	3905
40	22	3068	236	7408
284	303	2651	792	2657
36856	24190	37337	27456	20668
1424	568	41	2306	1299
16792	944	740	4003	2760
1268	366	92	3804	4399
557	9	1152	233	3649
10124	32854	36971	11817	36972
8603	307	6992	8384	1692
2295	9113	559	2611	404
538	3625	5273	13775	3940
1293	586	1285	3344	56998
2468	2149	6016	3960	3340
481	280	71	6	5651
1867	1103	467	4298	3122
236	462	19	615	504
3389	1249	770	258	653
6814	37174	37195	37189	37198
13331	1231	9	1152	253
8850	10223	11967	37252	18052
3652	2505	3650	7724	444
3286	3283	3265	3261	3289
4032	5083	4029	5013	13233
22182	37425	37426	21973	28482
37474	37002	43090	45714	43082
8080	2611	2295	9113	559
27241	3725	732	24930	5457
6828	468	2794	1052	3965
37554	1688	61342	13950	44111
60	3122	5032	5031	1088
3147	10795	7	11092	4071
842	3895	160	44650	126
1	750	732	615	555
34038	37625	26103	37634	37630
3924	8057	759	6085	3343
569	30	8364	43	39
9	1152	2747	635	1231
4060	6792	2173	5149	296
15728	34605	3196	12880	2113
37728	9378	55289	9408	56602
303	2651	6289	792	4864
3122	5032	5031	1088	289
153	1071	649	289	3122
44	35	245	1316	1283
60	3122	5032	5031	1088
649	5032	3122	5557	583
30	912	300	288	4804
1269	1215	3243	92	11724
1152	2747	635	1231	1685
389	582	2246	2720	2336
37928	39804	39803	20400	39808
117	131	413	3086	361
3123	2729	13865	32839	2611
1766	3266	6408	6429	29333
2898	1205	1221	152	60
2747	1685	720	635	9
776	5375	13809	8208	3779
81	26353	49660	257	1145
121	117	818	7829	3226
18	463	5641	2666	284
750	732	43	615	555
30	35	43	282	1
38	43	35	53	15
38157	28862	54363	52014	49769
1	6	732	462	750
432	5651	14	734	486
3046	6238	517	22953	15045
427	258	770	342	6645
12457	38020	805	2157	17652
5552	3820	5551	5505	734
660	3273	3278	575	4341
18231	378	4	989	1298
38391	30815	55922	53010	35907
38429	2520	19482	2681	3147
280	1	615	4454	91
462	233	253	1152	240
11247	36746	38519	50913	6809
5016	2321	635	253	9
2657	389	5472	6289	5295
12514	3050	6403	7046	3530
4924	36615	4829	4888	30570
4793	3258	711	911	91
38611	38610	38614	38609	38607
1436	1850	711	4059	1462
4108	5753	21465	21944	5551
486	451	432	91	975
20541	1122	9886	1071	649
7359	32166	16801	7358	9364
480	376	568	1850	1140
281	271	2185	4250	536
38825	25958	22911	51586	57244
573	3702	13673	8669	16803
5970	5955	16567	16562	16566
12071	7344	7970	8920	34649
4225	2352	753	940	1342
38917	2435	3786	3246	4179
2832	10999	1668	6999	3947
2898	1221	152	60	354
38965	33174	9068	20442	8943
2814	6774	7724	9829	9438
24116	226	39014	1359	1071
39073	24197	11336	3549	27806
3226	121	3906	818	12880
1	6	732	462	750
27723	82	10133	57	11282
1152	2747	635	253	1231
949	941	13786	944	1889
4007	10	753	1343	2352
2657	2651	284	5307	2568
1500	5603	1543	954	797
6967	42582	42581	26341	6243
2751	451	432	5004	9103
583	253	289	1152	587
55319	8867	37024	30664	46844
9285	581	12835	19472	3226
39315	54535	41397	30624	46248
3933	544	750	30	9469
6	280	1150	6757	3155
10627	3113	575	660	8902
289	649	5032	3122	5557
635	9	1685	1231	2747
38712	57609	24146	57607	57608
1543	1685	797	635	954
39428	54495	13287	61163	40407
39470	39459	39458	9810	4054
19274	31818	16924	39536	33117
1	750	732	43	615
4616	10890	5377	8300	10899
5647	39551	3913	39555	3106
94	20	236	462	19
39643	39591	39604	60906	39592
39685	34173	56182	54744	39688
296	34	3	342	3131
39756	44426	5906	38345	61843
357	1890	2167	615	284
6644	18	7560	32385	4462
923	1266	258	427	770
8121	2696	1685	635	1231
16382	19482	28297	2581	2651
4104	10823	4012	48805	19784
4042	1989	29399	1436	5073
39873	38162	4004	26221	11526
660	3273	3278	575	4341
39947	11672	43192	11674	33487
5646	23002	1850	4793	711
260	535	35843	10416	26416
18806	24752	4462	6024	2178
1235	1236	41789	41787	40734
6	71	258	1	1266
24	13786	942	1889	14
9250	9170	2326	1834	7403
5188	711	1298	1720	3070
281	271	536	4250	568
2666	5004	18	3106	284
1	750	732	43	615
7463	24100	31907	153	2441
40253	32971	40273	40258	40255
9554	954	1543	1500	586
7999	1584	8816	232	733
9180	2651	6109	286	404
2912	9785	1103	609	1152
8082	8084	8106	8080	8081
750	732	615	555	225
558	567	8555	30772	23741
1890	2167	615	284	339
1266	770	427	653	280
14	734	750	1	775
517	6238	3046	15045	3021
40442	8576	30816	60575	19212
13490	9335	1092	344	3199
8750	36820	1400	1402	3234
19	504	615	1	587
1316	245	15	772	300
20758	9832	20756	3275	14598
12425	16776	4317	344	18424
40607	11681	11075	31703	48205
15682	15681	59886	5417	10180
6105	37	17821	6106	4226
342	1172	1103	467	5557
1409	9295	724	593	561
40716	13017	2018	978	3717
38221	50488	25594	765	2799
4035	11847	10863	3717	592
40818	16963	44820	31922	36576
1152	2747	635	253	1231
6419	3848	27133	40830	3611
160	842	4194	191	1340
9103	5004	3860	9764	486
40925	39857	48799	32939	40920
284	303	2651	6289	792
25591	60532	25587	57574	18773
141	11214	45292	22997	45289
17191	2432	251	1685	635
1231	9	635	1685	13331
6	280	1	615	4454
10665	2149	41026	3531	38685
41046	12576	2150	43035	45996
1001	1251	770	258	1266
41	568	6	1424	3068
303	2651	6289	792	2657
160	842	4194	191	1340
1417	14353	15367	11096	11090
284	303	2651	6289	2657
3063	11897	378	5393	19808
41184	41181	41187	8230	6975
6056	635	9	1685	1152
265	282	967	30	288
432	451	71	6	4454
3	34	463	296	280
10931	9591	10930	18670	1097
649	5032	3122	5557	583
1	750	732	615	555
41332	34824	34829	53381	34818
1001	1251	258	1266	653
6703	4241	11091	318	14982
9308	1423	9295	12216	41984
2246	389	2657	582	2568
1890	2167	615	339	9399
564	449	563	36801	19092
41426	16067	32455	40471	14626
7794	8855	14328	7798	15100
1320	555	750	43	732
34923	13842	32517	36163	1347
41561	41564	27016	15859	40343
6	280	1	615	4454
12025	29726	4254	5688	20698
15	245	300	244	35
27686	13510	24863	32495	48385
8425	25442	2849	3211	592
2092	7754	1822	33000	7945
258	1266	7027	5595	1001
89	3080	12244	2299	1088
41794	40743	41793	23765	38249
6962	667	1320	709	2306
949	957	740	944	941
21917	17353	6775	11113	13243
14290	28193	41937	41928	41934
14	750	775	30	732
41972	23523	35965	23517	57639
280	615	4454	3218	91
13831	14328	15100	8855	13828
5460	1	555	6	615
30	35	43	282	1
3895	818	121	105	7592
20524	13426	2016	49984	56127
3131	4442	1103	41	289
5278	12562	45088	71	5905
300	53	772	15	245
8898	50480	42104	52817	43810
35860	3064	42116	16139	27268
750	732	43	615	555
24107	6289	33016	10586	2568
357	1890	2167	615	284
2295	9113	404	8080	2611
4225	1857	5392	1342	753
732	43	1	750	30
3273	3278	4341	7256	3113
3537	689	438	3536	3125
191	3947	842	4194	31100
568	41	6	3131	709
463	3	34	280	6
615	1	6	732	462
3335	2510	1543	1685	635
35	30	39	225	43
15751	20303	42308	42291	15746
6390	378	4084	10864	24154
6023	1790	9	804	635
42373	6366	6403	3050	9865
33061	4405	3838	463	5927
7066	20171	9425	5434	761
16873	42031	13488	56849	5287
55473	42506	36563	36562	44870
732	43	615	555	225
2173	296	5820	974	3
9	1152	2747	635	1231
444	3652	467	9441	6403
34	296	6	280	463
289	649	5032	3122	5557
284	303	2651	6289	792
9	1152	2747	635	253
4720	10093	40450	47645	29770
3792	5673	8841	20726	11996
25443	33000	12345	12303	998
734	14	30	3826	1
3371	3370	3369	3386	3368
42831	34310	10676	42753	42842
25618	46275	42875	571	32484
280	1	615	4454	3218
18855	57911	28149	15961	3585
13831	14328	15100	15088	20641
357	615	11092	14	504
26760	12845	40138	40134	1799
22	91	568	1299	911
43004	21571	8304	31430	4277
15458	1458	15451	52136	19378
6349	6769	26209	14326	17243
6	280	1	615	4454
1320	555	1	750	43
546	76	4019	3389	257
1	750	732	43	555
13302	1081	376	10258	1071
2771	4250	271	2185	8687
43186	37775	31652	18099	8344
1858	755	61779	45745	2077
3562	42913	43208	38989	43209
6403	3271	3050	6828	3652
3640	444	7724	3050	6403
43307	43286	43322	18091	43321
2373	45205	746	30036	369
3933	1	750	30	555
43482	51385	43481	58447	59163
8743	285	11814	5472	2246
2216	4003	8841	25775	2236
24432	5004	2666	4902	2198
1857	2352	1342	940	2828
3600	5004	2666	2198	711
271	281	536	2185	4250
1152	2747	635	253	1231
557	9	1152	233	3649
724	593	9298	9340	5609
26658	21457	32659	5616	3017
6826	3454	6780	2960	612
7413	38	35	15	53
18	7560	32385	4462	5641
727	15	300	277	53
14818	19531	10109	18116	11543
160	4194	191	2832	1340
649	5032	5557	583	253
4060	6792	2173	5149	296
1088	1071	289	649	3122
43817	20213	43805	1905	1911
14444	12682	35729	7397	6408
26466	40997	24352	16880	126
31233	29701	59218	26422	34218
2897	438	3125	2150	12514
44018	44017	20220	10010	50914
44023	27132	2814	56351	9438
4893	2336	3127	1585	389
1026	53163	6492	24075	34240
22666	14816	28921	15665	44091
32257	10003	10043	12550	770
39823	33531	24200	24869	7055
9	1152	2747	635	1231
9744	3125	8353	2897	10454
12514	3050	6403	7046	3530
3142	1921	2520	20213	1911
76	2956	546	2960	3271
4354	3717	4110	737	724
2538	1705	10702	2545	2143
3122	5032	5031	1088	289
2148	1199	1152	9	2747
342	923	1266	258	427
1117	7693	17470	1063	571
13404	361	12398	2889	1270
44311	14420	44318	44320	915
8015	9	2747	2432	635
3978	4001	3976	7591	2198
8320	973	972	2099	12363
44392	50770	44376	25291	50754
14	734	750	775	30
44450	44444	44431	1615	38638
3218	6	1	615	750
8701	2587	1246	476	9474
4007	10	753	2352	2931
3113	3273	3278	4341	11953
44504	44515	44514	8593	44517
13444	44535	44527	44530	32860
1500	1543	954	635	5603
44548	38881	517	52035	202
34294	44608	1494	8153	357
44642	50256	11189	24557	44597
24415	2588	5175	35412	14772
44718	38938	7934	44719	8067
2556	12457	2747	9	1685
20735	757	156	126	44752
56	8738	284	357	20
3142	9334	3826	595	3024
30298	44785	31805	16104	33369
6179	1144	973	972	13784
1098	1333	895	1111	2432
3697	6790	3965	1236	8307
18388	47185	29635	29261	46593
33668	22585	57987	27603	61843
3894	2468	2149	6016	3960
7244	9011	1140	568	486
625	1564	1546	7087	3969
7475	13335	19825	7314	22185
2968	4258	1237	653	631
19538	19540	33205	2814	9456
76	2956	546	2960	3271
1685	635	9	797	799
40766	52603	58010	26153	37392
10797	20995	19502	52188	25039
5105	1622	52504	2198	481
45108	45092	14914	13887	5817
45153	51285	43764	32030	49047
271	376	5595	2185	5471
652	2950	2790	5908	2956
6133	571	7693	1117	1357
1266	770	427	653	280
4737	368	5978	131	121
954	894	868	2748	1685
12949	5523	43	15	509
27091	45291	23224	49542	24607
45310	59491	6983	47734	59492
565	20	7416	19	931
3792	3803	2286	11996	41
41215	10518	1573	21270	693
20	931	7403	19	10231
354	649	2479	289	1071
8670	56	357	8738	5463
23069	23068	23070	59690	60808
29394	4122	30267	24014	1851
11897	378	19808	4035	3717
45510	26190	5533	58729	59625
1	750	732	43	615
29153	4364	2557	4116	609
3650	7724	444	993	6774
12457	2556	361	2889	804
1340	7821	2588	2441	160
45596	39623	19802	53603	25801
14856	22185	711	2749	4059
8950	1085	18991	16811	8352
51	37146	14382	17462	14393
45662	34227	5162	1500	1705
45698	45688	15059	45717	474
16562	45735	5970	16567	16282
5167	9277	12545	8284	12520
792	284	578	8647	2657
1340	233	1685	7702	635
2937	46683	16011	16251	3851
9335	556	3649	1573	236
9	1152	2747	635	1231
45892	33230	401	45888	13040
45920	3631	43550	45918	53790
818	7829	3226	2747	7277
2489	5105	52504	71	2198
2749	711	3070	486	5188
2897	3125	2150	12514	3537
11639	46010	17469	11632	1695
587	462	233	253	1152
35609	4835	38011	48595	59285
257	3389	1249	770	258
46060	549	2587	9451	15634
46080	31040	3227	10864	91
46138	56732	42606	26489	48359
5004	18	3106	591	5641
616	14	3137	724	590
649	5032	3122	583	253
41043	2150	2897	689	27526
660	3273	4341	7256	3113
41	6	280	2306	568
46306	41111	3705	14709	39457
580	792	284	303	578
842	160	191	4194	2832
615	1	6	732	462
280	615	4454	3218	91
44555	46387	46394	53951	28090
40179	37738	5068	40349	3321
7604	582	2246	2336	2651
258	1266	770	427	653
770	258	1266	427	653
22137	20795	15708	15010	20793
6024	6644	18	7560	32385
240	9	462	233	253
1419	8377	486	451	16353
24324	152	2479	354	6464
3947	9	233	160	7702
3	296	6	280	463
818	3906	12880	35482	2747
2463	2442	641	2435	2441
38176	32801	60585	10480	58120
5808	35278	19335	35268	35275
46709	35167	46684	11097	48577
7128	5434	9429	7066	761
46777	46775	17733	32413	32423
46802	11535	49099	402	60214
13094	13100	896	13098	13118
5620	7827	4665	4902	24535
3113	660	3273	3278	4341
21382	3650	7381	3640	444
280	1	615	4454	3218
466	3389	1249	76	467
16612	21560	24272	22294	20267
12852	1161	6375	1176	3965
46915	30693	23922	46923	46929
8141	49465	28774	15688	33065
47001	48294	15806	13546	28750
47022	47021	30348	22771	58500
60	3122	5032	5031	1088
923	342	289	1172	1103
30	43	35	282	1
6024	6644	18	7560	5004
47122	47121	47123	47119	47115
34851	9963	12333	4974	7920
15225	24952	37090	37083	37103
53	300	44	288	772
3102	578	7709	582	404
11364	875	894	2545	2753
47274	47271	6408	3272	3120
43427	2374	47323	43392	397
47335	51677	40023	30815	18167
23328	23327	8525	44750	31851
12520	47377	53310	12519	12586
47410	47403	47404	15578	47391
240	9	462	233	253
1270	12727	2808	5461	23362
750	732	43	615	555
1	750	732	43	615
1695	46536	13668	17218	12715
8294	1713	8384	17948	2045
10110	10109	11546	14818	19531
40378	6513	2712	27679	6442
7053	3894	3340	7052	2915
1	750	732	43	615
47589	24706	5995	18167	40023
21007	635	894	9	6141
2286	7886	6000	5673	3792
11588	19574	52281	1705	24465
4405	463	34	1299	3860
748	43	732	39	225
1152	2747	635	1231	253
21302	47769	34710	34707	47981
46673	25095	1889	41922	4225
48272	2321	4895	7526	583
19126	55617	22912	55629	31140
48321	3965	324	6792	4184
9430	760	3169	10244	7062
71	280	258	6	432
3273	24403	1063	817	1199
10216	44066	31902	9510	18754
105	3078	7592	2903	7789
29755	973	22935	9099	1551
35412	191	842	2832	12377
48500	36535	49424	19402	23548
12514	3050	6403	7046	3530
21655	21654	48520	30175	19203
48578	11801	6945	18167	30501
1828	978	998	679	569
5557	289	649	1088	3122
3273	3278	575	4341	7256
27751	3087	20093	58334	14255
1294	38	728	732	7414
48664	51650	28300	6764	56222
26426	4071	3147	17886	14353
48715	4517	20668	30348	23063
30	43	35	282	1
4665	5620	544	7836	2352
41575	4251	40719	4254	19278
12457	2556	361	2889	3649
980	10258	2950	995	4255
48794	40184	39852	19489	47686
3131	2284	7430	41	4442
40510	40509	45024	30306	45003
1593	6072	961	38	39098
258	1266	770	427	653
615	732	750	555	43
14	734	750	1	775
48863	48859	923	4417	1215
7251	7246	7248	7276	20515
13173	22105	22102	1141	1251
48912	48911	10596	48910	15057
26415	26359	48933	29811	48936
342	923	1266	258	427
2158	9136	4914	851	284
3906	15728	34605	3196	10089
30	43	35	282	1
7308	7266	49010	48997	600
4097	25582	49090	24822	14647
24674	24664	24669	24670	24663
20	615	236	1	504
818	7829	3078	39777	2747
12303	33000	12345	25443	460
6828	3050	3271	6408	6835
49199	23	2545	7702	4119
45585	49227	58872	28101	25176
4887	4886	48353	58571	5237
1051	3847	9301	4109	1518
194	3340	813	8006	689
47199	1462	3070	7958	1828
22471	59687	8440	59699	22456
25024	45879	4232	28324	5554
24186	49363	8607	49364	41345
3847	737	734	14	3717
40728	48439	20168	930	12501
49410	52751	42548	60738	58818
29182	15202	20185	11199	14711
49457	35129	49456	20006	59212
14761	126	10322	16880	24030
2588	3895	354	412	3078
12220	8376	3078	7592	2903
2666	5004	18	3106	284
1359	6058	153	4816	649
590	1555	772	225	53
361	3649	3080	289	649
9	1152	2747	635	1231
49611	49629	49616	49623	34319
750	732	43	615	555
258	770	1266	427	71
17729	17742	17737	3652	2505
7055	4128	24869	7798	104
37555	3316	3226	1692	1690
49718	13651	28058	13243	3751
750	1	732	30	43
47334	4334	1003	31550	2031
15120	15123	15121	20961	20958
49843	53872	53873	39487	9815
427	34	41	258	324
8807	775	39	225	30
45798	49873	5635	49874	18900
15913	28330	43288	2200	21432
49899	49898	4462	7568	39785
635	1685	13331	253	1152
6249	1071	649	4298	584
759	3343	842	191	4194
28626	28600	59493	49233	10295
1890	357	615	11092	14
6097	6098	49370	28412	45258
2587	3779	443	4331	3615
32905	28172	49673	13792	5592
16889	344	6249	2321	11327
50182	24206	53047	5036	39226
8648	2564	591	303	9113
16186	2729	404	580	9166
1152	2747	635	253	1231
8353	3125	10454	10443	2897
23159	7011	8514	1819	919
2666	5004	18	3106	284
1	750	732	43	615
3120	6828	3050	3271	467
750	732	43	615	555
14256	8158	17301	842	586
14506	7420	448	2950	7416
8190	10558	256	4263	4322
653	770	1266	427	71
11953	22215	11967	22222	28055
11123	30	47	912	24898
443	8701	2587	1246	476
50573	12380	22879	60376	35572
36818	56161	47079	50589	57574
8461	3028	4059	1436	4042
14817	43754	58244	41496	16743
39976	49210	43852	43840	42189
50683	58054	54875	25823	46835
1266	770	427	7027	6
3226	121	818	3906	3078
1266	770	427	280	7027
115	2545	5603	954	1705
37716	44333	50714	50715	31239
50718	26267	13807	496	18498
13950	56561	24500	50725	59747
34292	46618	53430	46353	21440
32011	55485	59120	32008	37683
1890	20	39	615	24898
50863	36100	53716	55874	50862
1	750	732	43	615
15198	376	9158	480	4119
258	1266	770	653	280
2299	1088	1071	25001	289
51002	19620	12151	60732	57169
2309	9632	467	2794	12985
1	750	732	43	615
3735	30	43	750	35
11005	38324	3239	38317	2031
51079	55741	17823	51078	56989
307	6992	8603	9	293
17527	17509	17504	17515	2807
2696	797	1685	799	1543
2000	3904	4128	7798	1999
6	280	615	4454	3218
51151	5661	13668	6966	57273
3156	51171	1766	26407	36566
595	14	734	24	753
3076	3781	4170	5999	544
16646	2031	28482	1003	16645
44778	10521	44381	44777	44784
3028	711	1850	2198	709
51311	51319	51316	27305	51314
427	492	50888	274	1161
51360	47709	9564	32618	17164
7300	460	13666	6078	38
20298	45308	54135	10724	17997
3446	3615	2587	1254	476
47713	22082	30170	40495	32827
799	2557	894	2106	2696
10704	55216	57985	57246	20931
17656	1221	152	1205	730
1152	2747	635	1231	253
51523	28070	45897	58700	24330
8372	344	2889	5984	4191
3005	467	2794	153	6835
10864	9671	91	9764	592
51617	56147	5550	51614	56152
40447	1399	1388	1404	1400
160	4194	191	2832	6999
9312	9308	1423	9295	41984
750	732	43	555	30
51704	51703	13779	13756	55662
51732	34834	52930	58836	14085
1097	4883	1071	649	2979
1359	6058	153	4816	649
25255	30269	24501	24170	30490
12252	26669	16520	36138	17610
10843	51840	49401	4109	38839
6030	2651	7701	582	2581
3076	3781	4170	5999	544
51932	51931	38159	49863	43716
17810	7687	11355	16210	51940
2666	5004	18	3106	284
51949	28435	28330	25056	5935
3652	2505	3650	7724	444
30	35	43	282	225
2720	389	582	2716	2246
2150	2897	3537	689	3396
257	3389	1249	770	258
52035	44337	8977	36725	25230
3050	3271	12514	6828	2149
52068	27467	30793	2679	21941
6	280	1	615	4454
52111	52102	11807	52108	4043
1081	1850	1140	10258	3220
14494	13277	50488	23420	14563
1890	2167	615	339	56
3226	7735	12835	8089	17789
318	14982	13426	1416	8739
544	7836	1342	43174	11541
52235	11511	45712	11500	52233
52251	59403	10503	57488	16289
1432	3070	711	3036	5641
3976	4001	7591	2198	3973
19574	1705	7533	5179	1500
52297	1267	8446	586	18883
12751	19953	52305	9018	12625
281	271	2185	536	8687
1152	2747	635	1231	253
31430	45428	55073	38796	54048
3	34	463	296	6
3625	3062	538	476	3779
52438	31389	19508	38722	21086
20703	1861	22005	46601	35322
31200	52482	52481	52492	52486
13230	5083	13229	4998	13231
258	1266	770	427	653
52523	3679	61530	15437	40881
719	660	3273	1357	571
52536	34117	7775	18537	35491
15884	7701	284	303	582
4167	18988	1402	11239	1388
2539	15388	22	3068	3001
52608	21086	60978	42633	14851
2912	9785	1103	609	2321
11143	14785	6024	4462	10109
52633	2844	2834	9474	443
1685	635	9	797	799
1595	17874	679	8819	6343
104	3078	2113	3906	3079
5686	2499	5681	12468	48
288	750	43	3735	732
6054	583	3080	361	253
24141	22861	2196	2530	8885
5384	4454	6	41	71
52765	30837	15258	28203	13433
6887	23692	21087	6938	57229
4902	19809	5620	3600	19474
6349	6769	26209	14326	17243
52871	5754	256	16201	27045
1152	2747	253	1231	1685
52914	54283	56236	12894	38887
5112	5073	14742	42629	1989
2499	48	12468	5686	5681
7829	235	818	7277	1152
24146	57607	36934	57609	57608
49949	35049	53016	35048	49950
4155	20544	19021	28666	20092
44065	4739	6492	44058	23304
3	34	463	296	6
561	1528	602	570	20299
53216	40407	13287	55136	15627
32282	8298	56069	37241	24746
1	750	732	43	615
2720	389	2246	2716	2568
285	8743	2246	2657	389
53289	39120	5751	12031	58780
53296	46817	53295	53298	53303
12586	6493	12545	8551	53315
842	160	3947	191	48596
53326	74	27207	8530	31563
35	43	282	1	225
53347	23318	53343	53335	53336
53365	55264	27603	33819	58839
462	20	615	236	1
53430	20323	40023	60192	18902
53454	46819	40784	61196	26021
14439	7040	126	24445	16880
71	280	258	6	432
17046	1673	1676	17047	17045
1052	3965	467	342	926
724	593	9298	9340	5609
38	35	15	53	300
5247	13174	4454	20341	912
14067	33357	33353	22	3068
13471	12391	4396	3127	2334
1585	284	2651	6289	303
53698	43357	10007	50541	59191
38	43	35	15	53
586	15215	11354	869	29159
3536	3161	3396	1246	3537
303	2651	6289	792	4864
53750	53749	59097	51954	8324
31206	16257	31179	31203	13646
7517	1254	443	3625	1246
53832	53808	53825	33380	53818
3155	91	911	486	6
4665	5620	544	2352	3022
3053	3344	586	39373	1293
5613	3923	1297	1632	911
2795	53945	53931	41786	24714
851	743	734	16382	769
6790	3965	6645	653	258
978	3826	569	30	8364
42629	1989	19826	54007	5105
6	280	1	615	4454
7414	35	508	38	300
6840	13389	43116	47565	11390
21192	4003	8796	8841	2216
17101	436	12024	4355	1342
6	91	4454	3218	5651
54174	54176	16383	54181	54179
40230	1705	1500	3672	3199
760	7115	3169	467	2794
9136	4914	851	303	6770
21831	14897	32930	30709	17396
54251	54252	54249	54253	33969
6550	989	1436	25048	1850
11996	3792	4003	20714	20716
775	30	288	750	43
54432	54439	8696	54444	61163
54515	16265	20550	42313	49534
54548	53260	40328	54539	54525
660	60626	24107	3273	3113
7136	462	6	3258	91
12682	6828	3050	3271	3120
2587	8701	14790	1246	476
18231	378	4	989	1298
7	14	743	851	16382
750	732	615	555	225
40796	5393	15491	54695	52938
54736	12136	12458	11929	19508
54758	23977	59337	3672	37867
40467	23056	21086	32758	11531
54785	54784	57246	36440	61725
34181	54789	9112	10390	12513
9	1152	2747	635	253
23874	3931	341	4191	5461
1267	9	233	1340	1685
9	1152	2747	635	253
1359	6058	153	4816	649
41	568	6	1424	3068
54867	5570	3146	7510	580
303	2651	6289	792	4864
3603	2441	4899	153	1071
451	432	5651	14	734
22261	12040	725	38837	10849
8089	3906	104	3226	12880
3028	711	1850	2198	709
9	1152	2747	635	253
750	732	43	555	30
55001	46844	55430	19788	29820
15402	15389	15406	44530	34897
6060	9	1152	804	1153
582	389	2336	2720	7701
25577	25573	25574	20914	30822
55077	21041	26354	523	21017
55112	6188	10178	61628	41368
303	2651	6289	792	2657
1	750	732	43	615
55162	55149	55153	31069	55144
55216	53203	4713	39068	31391
4228	733	8802	8814	1316
7477	47225	41674	36210	41990
8351	21406	55255	6974	37564
1869	92	4415	4298	3080
19812	21429	9591	23162	50259
23957	565	20	10231	7416
3584	41315	14085	37979	11044
8086	8084	8100	54961	8080
3271	3050	6828	438	444
3340	609	3960	813	2912
37542	37537	37544	55400	3226
22504	55448	23898	51508	15466
55478	55475	55486	55491	55460
1867	1103	467	3122	4298
11975	1266	4314	5908	6972
46147	50385	59198	38089	42835
3723	6343	53	30	4804
1752	8031	3079	8071	10089
55615	54754	44473	60110	50607
38860	38861	53949	45643	45649
4726	4706	1081	4119	568
55201	28327	55195	61585	12386
3263	1103	1091	3122	1867
6	280	1	615	4454
55724	19643	36292	36099	19636
39115	1827	7408	3007	22
284	303	2651	6289	792
24887	993	3652	43237	28850
21576	2499	19053	4014	5686
9	1152	2747	635	253
1	750	43	615	555
750	30	14	3826	1
12602	1444	1543	1500	2545
54802	48353	24607	12109	30379
4298	1071	289	649	153
3270	6835	6372	467	3119
562	19058	2652	10482	2577
131	368	3086	4737	23248
5830	52887	2993	13931	3034
55991	30060	28595	32531	38819
1117	17470	11610	24118	6139
26403	17475	43549	57352	39999
31117	35539	61137	46978	15684
25341	31697	40712	34192	44024
28202	56130	30854	27799	50805
660	3273	3278	575	4341
578	7709	582	2244	2720
1266	258	427	770	296
10	4007	4333	14180	2352
12479	227	682	1690	606
842	2832	160	4194	10999
565	7416	931	236	233
3	34	463	6	280
303	2651	6289	792	4864
37402	37403	37379	37399	37394
973	8320	972	13784	250
10774	361	3649	368	45817
56351	2804	42735	56344	26801
23656	3702	724	16803	2931
43894	19476	33434	22425	41148
35560	51534	40977	18860	28433
11422	15882	55203	35229	1369
2567	289	1103	467	3122
1001	770	1251	258	1266
2554	25774	11520	11585	5384
56562	21472	43498	18345	27929
34057	4110	14163	10847	9301
56608	6133	7693	32824	16905
56622	56619	56618	14939	41547
6141	1152	635	2747	1685
92	583	253	3080	1231
1528	602	570	20299	8738
2747	635	253	1231	1685
1359	6058	153	4816	649
530	2931	3826	14887	529
34927	56791	44527	15402	50775
15077	454	40403	56800	8622
56814	56811	46435	52705	56812
56335	4194	48596	15688	51042
3131	4442	2284	486	6
303	6289	792	4864	2657
271	281	536	2185	4250
2651	2568	5307	6289	292
21387	5311	467	4520	2379
14180	1857	4007	10	2352
20005	24930	5457	750	11629
438	689	3050	3271	3393
23741	560	563	30772	30880
52497	24004	10238	478	59703
2336	389	582	2651	7701
2113	3906	3196	3904	1999
56999	56996	18213	23984	57003
17955	10277	3080	152	673
3	463	296	6	280
3906	15728	34605	3196	10089
49527	1881	6790	3965	35307
1267	587	233	7702	9
799	1685	635	2432	2747
3147	3754	10795	11092	4071
5770	5771	5774	5776	30803
57092	47139	57087	46362	47563
1152	2747	635	253	1231
57136	30574	43148	44955	59403
10895	10907	5377	57150	10890
22635	936	39098	2099	10071
2100	586	11354	587	3344
1981	1954	975	3955	294
842	2588	160	126	4194
12293	26714	18861	31233	26716
76	2956	546	2960	3271
35	43	282	1	225
5472	6289	5307	2568	2657
9	1152	2747	635	253
1742	152	813	9799	2912
1905	603	3142	2520	743
16720	11939	16721	46177	46229
5651	451	4454	620	912
7442	973	24898	1144	1551
10435	591	303	1231	284
649	5032	5557	583	253
7416	565	931	3164	20
1	750	43	615	555
8086	8084	8100	54961	8080
152	2588	3895	354	412
817	514	923	1269	342
427	34	41	258	3
961	509	38	15	1316
57440	22267	57439	5092	7588
9395	57447	41389	9373	57460
1528	602	570	20299	357
3393	612	3161	3536	48784
223	34950	227	4880	18604
46027	46028	3974	28833	14465
280	6	71	258	1266
2936	23	1042	4226	574
91	569	911	92	486
1070	5603	1685	799	635
19021	40780	57612	36934	38708
26460	30561	981	3828	1003
24100	2464	27893	2441	2435
1152	2747	635	253	1231
30756	5245	3780	2836	443
8841	8796	24	942	2216
3078	3895	818	121	105
57686	57682	59174	2405	47543
894	799	1685	2747	635
57718	41743	57712	57734	1877
257	3389	1249	770	258
2295	2611	9113	14534	404
1850	711	1299	709	3028
3906	104	15728	34605	3196
57851	57848	57861	46219	10120
57887	38638	36883	56549	38891
13331	5459	5045	1546	9
450	6780	443	3393	1246
57940	57938	6688	56133	28208
26617	3600	5055	57948	5004
57963	7840	57967	12348	60348
7330	3641	2488	1022	11275
6	280	1	615	4454
55004	55005	58061	11822	55003
30	35	43	282	225
615	280	1	4454	3218
6828	3050	3271	6408	467
281	271	2185	536	4250
53200	53439	47831	40946	26690
257	3389	1249	770	258
438	689	3050	3271	3393
11571	4117	4116	5280	817
2173	296	5820	3627	974
35200	12531	6595	989	1022
42361	3704	8819	1828	679
1001	324	4250	4268	770
20413	586	7328	401	28994
739	713	1	569	30
10777	4116	954	635	1359
3218	4454	91	6757	911
11112	23639	37433	47704	57574
6114	1277	5459	2748	1685
58301	54581	41717	28928	12003
1948	29097	3838	60376	40340
58329	52834	50031	13473	45375
2441	649	2479	153	354
104	12880	3226	3196	15113
9764	9671	5650	1388	3260
2031	2094	2030	4172	3070
58387	58388	48448	1154	58385
753	3826	1342	1343	1299
5461	361	2979	4298	4191
479	50526	3393	15959	44976
35350	58436	58430	58434	15853
58451	58450	58453	11787	58454
58463	1993	50412	58467	58469
58497	48135	48166	58496	21511
15322	45505	11682	45499	4003
58521	10320	5143	10328	44678
1161	274	342	427	923
2043	28279	47008	10044	17274
649	5032	3122	5557	583
34505	578	582	2720	2651
3826	595	3024	451	975
11302	923	289	649	342
727	15	300	277	53
12935	27145	19549	19817	34894
3614	2587	2182	5249	1254
41935	18630	33837	14427	8515
443	8701	1246	476	9474
27974	58742	58738	58745	58736
750	732	43	615	555
23506	23503	37526	53996	23508
58796	41253	12119	34247	34253
509	44	35	245	1316
5376	5375	13809	8208	43518
289	649	5032	3122	5557
25299	58843	32476	57488	21089
3125	2897	689	12514	194
6	280	1	615	4454
39	35	43	225	30
11610	12600	1357	1117	3281
18382	486	1388	297	3106
361	3649	3080	289	2889
7836	3933	71	3826	30
750	732	43	615	555
4355	12379	20692	12030	15081
564	566	10482	449	2674
649	5032	3122	5557	583
58989	58987	26936	58988	58981
289	649	5032	3122	5557
7	11092	697	1890	10795
818	3906	3078	12880	35482
92	289	583	253	3080
28254	59105	7729	22246	7250
55485	10341	59127	59132	41538
2744	22	235	37	3826
2336	389	582	2651	7701
37775	43187	2936	43186	23
2497	289	5031	3122	60
510	973	24371	972	24452
253	583	1152	587	289
2379	289	9	3649	253
869	586	585	40489	3344
378	711	1850	3952	451
38658	21465	44007	14454	22510
13086	284	2657	5462	3144
76	2956	546	2960	3271
289	649	5032	3122	5557
28793	14835	20207	49405	38140
734	1	775	30	732
59391	31223	59390	16599	213
59414	52674	49630	48182	12577
59429	58142	45428	56871	59326
45340	38020	2556	43695	18020
14506	7420	448	2950	7416
11877	11882	11883	11844	11852
7904	44865	44863	12243	44866
2586	32904	17697	30993	5475
3273	3278	575	4341	7256
954	1543	1685	635	1500
12501	48439	17560	19	5671
17274	3034	19151	8075	4276
1419	8377	486	16353	1298
2169	6024	7568	14822	4462
57955	19974	59628	43561	11145
47663	59662	59661	47662	17950
59699	59688	4103	8440	22180
1867	1103	467	3122	4298
59723	9805	26108	23726	26116
467	1103	3965	34	2284
3659	1071	19450	6058	9886
585	586	3344	869	1293
38186	517	3046	6238	6774
59800	2064	4725	13296	476
59816	3050	3271	444	3279
31100	24039	3352	31091	3947
12373	47	17	288	6179
563	558	567	8555	30772
59867	13407	3496	13306	51960
30970	5631	13797	16956	1406
2744	23	1342	1299	753
660	3273	3278	575	4341
59927	48013	4934	25325	59949
1553	508	6343	679	1316
14572	31452	37212	10290	13333
6262	11094	3043	11091	11108
60023	472	38354	27139	12825
22	709	7408	3068	19
10867	12363	973	22935	972
17616	56743	24479	43639	57574
9886	1071	649	153	1088
8701	2587	1246	476	9474
289	649	5032	3122	5557
56954	54459	24004	56709	56946
23202	52136	34696	7135	25265
3396	1246	14825	3446	1254
2898	1205	1221	152	354
15597	10844	4003	8840	6129
565	20	7416	931	236
8996	1798	9799	37269	37274
28606	649	1071	4298	1221
94	20	236	462	19
591	792	9166	370	284
60399	60392	44917	60391	60390
60410	2679	55192	20809	41238
432	451	71	4454	486
3949	294	974	382	3028
60440	23802	8342	23811	51772
3106	10292	451	1388	486
3219	973	972	1144	1315
6062	23709	4784	5805	46536
60499	11423	37929	45478	44327
55925	37817	652	3005	9632
9100	6343	44	508	46
6	280	1	615	4454
23080	2140	54846	2550	126
29416	44505	24465	23440	23715
258	770	7027	427	653
41	568	6	1424	3068
2672	25384	10157	25981	28650
467	1867	2808	3005	60
52635	3562	59848	33348	52634
60685	60674	60684	4329	60677
44885	105	47235	10739	12220
2832	4194	10999	1668	6999
60738	12699	23677	60873	61013
60759	28709	60754	23316	60756
4876	4914	2158	1834	6772
31633	60858	19872	19851	36968
698	34	3	463	296
60846	48029	51152	21937	35189
5249	443	2587	8701	14790
34	3	296	6	280
60895	7840	60889	60782	58142
7781	3894	2468	7795	60900
1071	1088	649	153	289
2748	1685	9	635	720
2520	1921	7	3142	16382
1	750	732	43	615
1	750	732	43	615
668	4104	10823	10074	12705
1944	376	1850	5908	280
22535	22525	16085	22526	22529
32801	10480	36347	10482	16698
3649	361	289	253	5032
14335	15084	15087	14333	13829
2092	7754	7745	1701	1822
296	34	3	342	3131
57571	6503	43029	30941	13553
3717	6616	734	737	3142
6024	6644	18	7560	32385
289	583	253	3080	1231
2813	61156	50936	13290	11385
61170	61169	9034	61172	1705
29425	33333	33332	33334	1720
3218	6	1	615	750
1308	8320	973	972	2099
5351	476	443	8701	2062
5447	568	480	1850	1424
514	15757	32246	327	427
2814	2822	6774	7724	9829
2588	152	35412	842	3895
750	732	615	555	574
288	53	277	30	35
1959	1387	481	15936	280
2832	4194	10999	1668	6999
104	3906	15728	34605	3196
1138	975	481	280	1140
61387	16780	35871	23903	9563
8825	1721	8819	947	539
6	280	1	615	3218
8904	36839	53630	61426	30628
61437	6716	40242	47495	61433
3151	911	91	3155	6
9717	4176	770	653	256
61489	61488	19719	48234	33180
9684	61498	6377	6378	6393
61511	32049	36427	4978	25823
71	280	6	258	432
44727	57395	48420	57230	22947
2505	3650	3652	20765	3275
35231	35232	38182	61585	7529
3036	3630	41	3803	1299
6244	46	6343	44	7414
61625	41278	57985	30361	57141
13922	58366	61633	36884	29398
8648	2252	370	2651	2681
451	71	6	4454	486
5179	799	1685	2432	635
2284	3131	4442	1103	5090
12053	7702	3923	1306	1299
10065	4413	565	931	5657
1251	770	258	1266	653
33732	39918	5574	35808	54204
280	1	615	4454	3218
578	580	582	404	2729
1388	3106	486	451	1402
271	281	4250	2185	536
