3	1280	746	288	27
63	58	3095	62	223
10723	42493	44877	42452	12244
11444	4757	16231	12531	16784
289	286	3143	2365	7257
316	358	5150	356	24894
2686	367	2411	2614	2343
469	514	5119	5656	3641
554	537	1555	14	13690
568	19049	36788	11779	36793
288	8331	13359	800	3
3	1285	10	3742	6
793	780	792	877	823
594	257	12027	3823	3811
56682	50146	1001	18660	29669
783	1740	1831	5614	2126
1206	1153	29805	1178	1146
3	1280	1285	5489	746
1391	1419	3150	1416	6758
4922	1450	3326	3327	3600
1556	16351	19312	1529	16359
1995	1989	27464	1996	20778
1142	11717	259	1590	154
2036	486	5489	288	4757
2216	2221	21191	10839	29324
2247	2258	2249	2330	47158
2452	2423	2428	2460	2446
19	762	2228	5948	3109
400	9112	33604	378	13088
307	11824	754	5704	8742
469	514	5119	5656	9983
246	1245	3114	7379	1190
1226	1849	10431	1848	2836
2864	2879	140	644	2883
2929	6238	7056	3170	2920
346	5588	16502	6726	9403
2907	386	1118	1272	3685
3	1416	5489	3742	3150
3263	4257	643	3095	5542
5489	4190	2427	891	734
3387	3375	3381	3386	3397
5	1413	6340	3706	3721
703	1137	7693	750	839
3686	2467	45551	21371	3646
3	6070	11252	194	3095
642	13232	1212	3	20338
1142	259	11717	1590	2153
512	457	5458	37	285
17641	1275	1215	369	5624
3973	14224	42	1697	698
4174	4958	1383	14224	6
670	1203	43070	4285	642
13359	4346	2434	6469	2658
816	3230	4363	108	734
5591	775	985	4184	4324
28341	3235	5634	100	924
4479	15017	15015	11521	5621
1226	1849	1848	10431	5243
4626	4635	4625	4632	5759
4751	4777	4778	8796	4783
1094	4831	4827	4858	16631
3	3742	5549	10	6
1763	3964	1212	4020	1762
270	298	11703	7715	15803
554	5	549	1413	14
3358	8133	5416	31100	6215
6141	9891	11975	11952	11252
5456	1285	3	288	687
314	1405	5526	770	16372
2216	3	1285	3742	1280
13359	816	2434	781	734
13359	734	2434	892	6469
3976	721	1697	9365	14175
5831	949	5813	7463	20800
5849	5848	5853	5856	9625
486	12531	4757	11444	6000
13359	734	2621	6469	1644
1	703	1137	7693	750
698	288	3	1285	10
3	27	5549	3742	4545
11252	24894	3095	2427	5150
2920	3011	2975	3008	2976
11717	1590	114	1142	154
18	3235	28341	100	593
6323	6326	8883	14775	24040
172	2726	856	892	22398
6452	6535	6444	2638	6469
6564	6620	6614	6607	4700
1535	16351	1556	1534	1539
56	1245	7379	3114	690
3536	2944	76	3369	3375
6886	6852	2213	6864	2053
1089	6070	194	2427	4874
302	3905	10394	17205	404
6979	17519	6983	3289	4196
7056	726	10252	12065	3158
7218	7222	7219	7205	7224
7242	7243	689	5542	7260
2942	734	2691	12614	1644
734	13359	9622	800	1644
3686	2467	45551	21371	7378
7400	3176	7444	10625	14467
6758	4010	11626	4077	34583
7551	7545	7559	7552	1416
13359	734	800	781	891
7641	7640	7626	7651	7664
13359	911	734	6469	2434
3886	15726	7741	34110	19329
7819	7820	5489	7842	1644
7879	4010	1457	6758	1302
34	259	1142	1590	11717
1038	7949	1041	12345	7941
734	6070	3095	2427	11002
724	6111	35525	6094	32146
8080	8101	15827	15833	8108
32029	32032	8263	2781	8262
734	9622	5489	891	3
1137	7693	750	839	4645
7201	21162	8421	12474	21172
4918	32322	4446	32321	5091
8486	8478	8484	8490	34529
8498	1416	1419	2732	4010
8577	6680	9626	8603	8587
5	1413	13733	6340	14977
50894	33771	8281	1849	1226
270	11703	298	7715	574
8776	21636	8777	21632	5613
594	12027	257	4194	1593
3679	13514	8339	17439	8864
1819	1988	1904	608	258
7555	8968	17835	1399	18982
8991	9014	9011	9019	9012
3	6	3742	1340	288
2175	1390	28341	24428	7573
37506	11703	39829	48649	574
13359	5542	2730	9242	2720
1422	9328	9323	34012	41981
7056	11002	3170	7119	3454
389	3685	9488	1118	9395
9528	9563	9544	9548	20724
246	1245	1190	7379	2649
1226	1849	14197	10431	2183
9749	9753	9747	9756	9760
734	13359	800	6469	1644
5542	2730	5489	1391	17439
9860	9833	20750	14593	20757
5475	16706	46193	1528	320
381	361	9912	7499	4190
9956	2525	687	698	3
9983	2003	50894	5730	9980
259	1142	1590	154	5207
10115	10108	36973	10097	10110
12049	4449	18	33387	28341
2853	1894	14775	5156	5505
10228	5932	10064	7444	10232
44647	218	1818	11054	11355
10361	10371	10364	10367	10373
473	6795	3454	24185	6823
5542	6134	5489	13359	3921
11952	9891	11975	9980	9978
246	1245	56	7379	1190
236	19989	10237	16432	54
12460	7103	11674	11650	21577
3921	13359	5542	5489	6712
110	111	10731	10736	10723
10761	10755	52278	919	10758
7603	6134	1589	1588	9234
28343	17729	14539	964	965
3742	4757	3150	1391	3
41348	5259	32065	32077	32076
21123	17701	336	16183	55122
2576	2558	2586	2618	2587
3466	11002	3533	3460	23536
11103	28570	1702	11091	699
4757	12531	16784	2203	11444
11171	1608	11183	11176	1664
11199	11207	11198	11193	11208
5489	3	6070	10	1285
13714	11294	6795	8281	3434
18	3235	100	5634	924
11370	3374	428	9943	11375
246	56	192	1245	7379
11472	11456	11464	11489	11479
552	7858	2231	15015	11521
11561	2897	11550	608	891
3235	100	924	28341	5634
3541	7103	11674	11650	10658
6134	2730	1588	2720	11741
15831	13577	27015	11775	2730
5542	643	2302	194	4529
11862	11863	11882	11871	11876
1	703	1137	7693	750
11093	11950	735	875	10226
11	9365	704	11738	40566
2993	440	9503	3630	2849
3823	594	171	12027	2924
12103	4076	4190	5918	17439
1422	19230	34012	12199	9297
116	211	111	7917	179
12264	12272	12273	8506	7003
703	1137	7693	750	839
6235	3910	24620	7801	7144
775	9701	1267	4184	4123
458	3981	3800	705	13622
585	586	3193	5105	3354
56	1245	3114	7379	192
12437	12435	12433	12428	12432
246	56	1245	7379	690
12934	12682	11002	3533	3465
1284	14170	6	1340	12345
1390	7573	28341	3219	16
4112	958	38	10839	26146
4248	7763	4004	4253	15845
12854	12837	48362	20311	24776
12904	5081	5075	5024	23046
2149	756	2909	12456	3161
12948	11375	51387	22981	11364
12460	7103	21577	10658	11674
252	5591	775	985	4324
13028	13033	13030	14697	13027
13142	13138	13097	13093	893
3095	2427	6070	5542	4257
13272	5084	5085	13223	1031
429	10431	1226	10434	5338
10226	14467	13359	735	3971
6795	6823	6822	24175	24185
1535	314	1539	1556	16351
223	2427	6070	2439	4874
13518	1937	12152	13522	30024
1588	13359	11741	5491	2720
917	2151	11703	6039	7715
10394	3905	302	4618	40041
985	775	252	4184	9701
3124	9149	614	2720	21123
13913	13962	13914	19354	10807
3150	3	1280	687	3742
14021	972	4077	5123	5599
4876	16631	6935	4190	6936
7056	7119	3158	726	7053
1226	5243	1849	13714	2836
3	3742	10	1280	1285
3	27	1280	1383	14224
547	23958	11120	13782	78
14295	1457	1416	3150	6758
14330	19329	1881	14338	3886
1	1137	703	7693	750
22	14385	7954	637	7976
7838	233	18231	11619	45808
7779	31779	2871	14408	33390
8202	23958	1849	1226	493
4228	1297	970	24393	2829
3918	3884	28146	2471	34386
3379	14584	22203	14581	58399
3446	440	9503	3630	60641
1137	1	703	7693	750
1831	1740	783	5614	800
2849	3432	10430	3623	3630
2849	440	3432	1204	9503
1214	28341	1135	4122	4572
14872	14447	14883	500	493
14900	4918	5004	4043	4010
14942	14954	14961	5662	3640
14992	924	100	28341	3219
15011	5621	1383	3742	3
9830	7066	7147	9419	41955
1881	16485	14323	15080	14330
4918	2062	5055	5045	1763
15172	15144	13383	4019	18235
1038	3	1285	1536	9098
1405	13433	314	16372	13422
26	3	3742	10	1280
8675	8676	8654	32861	15657
9365	11738	40566	11	704
698	687	1285	288	3742
2942	2691	52308	34921	24218
6070	4827	4385	2439	5542
15540	15498	15545	1383	34859
3429	11314	15617	51385	3548
15651	15650	15652	12356	15648
5416	3358	8133	31100	15672
4263	6575	341	3970	9995
7599	3000	3966	33468	13309
9983	50894	15747	2003	9879
6215	2106	1920	5221	8385
8102	2659	8101	2588	2563
44972	470	15914	15901	15919
15985	15990	15988	15983	16013
917	270	7715	298	6039
252	5591	775	985	4184
259	34	1142	1590	5207
5489	4757	3	3742	11444
199	22420	22404	22392	22401
6969	24428	2175	28341	7573
770	1405	50672	17658	1387
16446	7166	4071	3640	1467
14184	14185	14330	14338	20641
3905	302	17205	40041	10394
6095	6085	24022	3358	6105
5934	5903	16567	9625	5849
16628	16644	16626	16666	16640
11717	34	1142	259	2153
5591	252	775	4324	985
783	1740	1831	5614	2126
18	3235	100	5634	593
2814	930	362	2418	16860
1661	2392	7003	1664	2456
246	56	1245	3114	7379
56	1245	7379	690	3114
16909	16913	5536	5580	16939
5591	252	775	5976	4324
17045	6217	14775	17042	8106
3226	3742	745	5549	2845
17142	9983	2003	9891	9980
46549	1881	13835	16485	15080
4061	12027	7763	16834	17818
10431	1849	5243	1848	13714
3	3742	1280	1285	27
2183	1849	1226	10431	3
17252	493	500	23958	14266
246	56	1245	3114	7379
17276	23501	23504	19115	11252
17299	10217	7401	2765	44854
7945	17354	7975	1899	19645
3307	3284	735	875	6120
17429	18347	19786	15011	5081
195	828	17473	145	7364
5591	252	4324	5976	775
28341	432	449	10168	9814
2150	2434	6469	734	816
5227	1894	15835	5505	13359
5542	13359	2730	5489	643
17718	17711	2216	2221	17739
3000	3966	18891	21366	10733
1564	17822	1568	17809	6294
233	45808	16424	240	9053
1866	3056	9416	683	8817
11703	270	7715	37506	574
440	9503	2849	3432	1204
8597	1920	17943	6215	5221
18008	37337	18772	17967	18006
1	703	1137	7693	750
39897	1314	600	587	44245
6775	7721	444	2818	31040
3	5489	6070	9860	3742
20126	18110	25000	18130	29652
11824	15287	8742	22176	5411
18240	1588	3	5491	7603
5489	4190	12501	7103	3095
8597	6215	5221	2106	8299
440	9503	2849	3432	1204
341	3970	3118	1255	6827
43	4234	42	3952	3018
3308	1268	587	8350	1071
5080	35290	246	56	650
18484	18492	18499	11975	11334
11252	9891	3666	23958	8187
18570	6758	1416	1457	1302
1661	2392	19774	58183	2564
6	3742	3	707	10
270	11703	298	7715	574
2427	4257	6070	643	3095
2151	6107	4908	917	3749
5629	17692	6035	122	11741
3354	1282	3193	7717	1343
17773	20698	45805	18885	18913
18949	18944	18945	33318	8040
18981	1416	7551	1419	3090
19055	15970	15973	19075	5055
847	1152	849	13170	5714
437	2980	3280	11002	6780
14080	5542	5489	3	6070
471	3646	3674	3686	17807
14080	11002	3656	11252	2427
417	9800	1970	3598	8020
19231	19240	9304	19219	9323
29717	20693	20685	33860	31910
1535	1534	1556	16351	1546
3	1212	5489	11252	288
1686	1154	362	101	7383
19345	10839	26867	2216	2221
642	4285	13232	34581	2763
233	45808	16424	240	9053
2426	327	1078	4874	2427
5542	2427	643	6070	689
34	1142	259	11717	1590
703	1137	7693	750	839
3685	9488	389	1118	2907
703	1	1137	7693	750
6025	4446	11127	7587	11141
27153	20482	41612	12733	13990
19689	19576	19564	19596	19590
9891	14274	19738	6141	9980
19786	9052	2478	19774	4098
734	1416	4757	6758	1391
14224	1383	8331	698	12345
11703	298	7715	37506	574
3	288	1285	687	3742
2183	1226	3	1849	10431
3	3742	1285	288	759
18	3235	593	28341	100
20094	20161	929	20081	9557
569	13754	235	8884	1333
20126	25000	29652	29664	16882
933	37	10237	77	457
3150	4010	20	20190	17
1391	1416	3090	2235	6758
8611	110	179	12221	10737
1588	3	5491	6134	1589
985	1267	5591	252	4184
6795	1951	3465	3460	8281
1590	1142	11717	154	114
5410	5491	1588	6134	336
18	3235	3219	924	593
581	1140	1137	1	703
781	891	734	13359	6469
3	1285	3742	10	288
1285	3	288	687	301
2446	17665	14811	20556	5218
20620	10058	4073	17464	25083
11703	15803	270	298	5616
20656	20666	17843	1931	20669
7763	4004	1300	8379	15844
9926	21214	20719	20717	13247
2148	7103	3541	11674	21577
3283	20755	21371	20758	20740
939	20763	3915	26687	12785
1881	15080	14323	14330	24869
660	2427	5542	6070	643
426	2774	10257	9626	10274
9611	20868	20854	20886	20865
14553	20939	20947	3297	642
1401	4757	18982	4010	6758
8306	13750	21025	10424	519
2948	4254	1033	10273	2941
571	11717	5178	5140	14397
21123	13359	2730	2720	5542
8412	8406	8422	21174	21164
5542	6070	643	689	3095
956	9131	12531	5630	3959
21247	21246	21253	16992	21282
10	288	3	683	1280
13359	734	2427	735	5489
3970	3118	1255	6827	3666
2422	10070	1376	246	2900
552	7858	1550	2231	15015
4627	21523	1038	3812	3
3235	100	28341	5634	4449
259	1142	1590	2153	154
3858	698	1285	3	6
11717	1142	259	615	1590
5491	1588	6134	13359	1589
1860	1859	734	2861	800
21636	21630	8776	21635	13151
21692	21713	21675	21674	21671
1211	1203	642	4285	43070
5485	4398	11252	4408	5542
14752	1894	4891	15680	15835
21905	16691	21916	21921	21917
6070	2427	4812	3095	194
11717	259	1142	1590	2153
703	1137	7693	750	839
34	1142	259	154	1590
11252	194	2427	8597	13359
75	32112	28341	1135	4572
6619	9778	5974	1573	22139
1589	5491	2720	1588	13359
1302	3150	3	6758	10
1848	1849	1226	10431	2836
22213	10226	11948	735	22225
1215	17641	7752	715	291
11	704	686	3140	9365
22328	6012	14723	3095	17967
3	12345	4545	3742	1280
1137	703	7693	750	839
199	1829	5549	1383	288
14576	22461	22470	8440	22460
4192	15699	48592	17290	5202
16014	22524	22522	22526	22096
2849	440	3432	1204	9503
917	2151	7715	270	298
5489	734	13359	891	781
27920	11357	1282	5105	926
24	7576	9101	17446	3622
13359	734	1859	6469	2434
5542	643	6070	689	2427
250	11717	3273	11734	14397
21019	523	18526	6817	520
18	3235	100	924	593
6070	4516	2427	89	4874
3371	6795	6803	22783	3454
440	2849	1204	3432	9503
404	1389	34581	8739	486
13359	770	5542	5489	1588
13514	17439	3679	57762	4075
4908	22919	1285	3971	1280
13714	8705	8281	44971	11294
4922	3600	5055	3326	3742
1416	4757	11444	3090	1391
2900	9785	8021	26510	29270
5280	1304	4022	3632	257
5491	6134	1588	7712	5335
23130	2763	642	4285	20338
1849	1226	13714	10431	1848
101	1188	246	1154	23187
8611	23221	23206	110	10737
1226	5338	1849	10431	1848
23292	23291	23293	9983	20298
23361	18415	23356	4876	6935
13359	734	5542	3	643
707	3	1284	1285	1280
3078	4958	2028	13682	11985
246	56	1245	7379	3114
4196	3640	3289	15378	4190
2944	576	3536	526	14197
21622	23565	28032	37136	4436
571	259	5207	14397	5178
246	56	690	1245	7379
13359	734	800	6072	9622
23744	30875	30874	448	23741
3	1285	3742	1280	6
642	4285	14551	14475	48362
23780	9866	14080	11252	23784
2181	18157	14455	2816	23809
5542	643	4516	4257	2464
240	7838	233	14723	11619
270	11703	574	7715	37506
4263	341	6575	4304	1255
1	1137	7693	750	839
2730	13359	5489	5542	1416
940	17729	965	17732	39176
587	27920	11357	5105	1282
11703	298	7715	37506	574
3742	1340	5549	3	6
25614	46272	24114	3353	611
816	5613	4180	24410	892
3261	5983	5657	9215	5279
24185	6843	6788	22783	3454
2422	10070	1376	2900	1653
2151	1702	754	3971	6107
1589	1588	6134	3	5491
1310	7074	587	4107	679
75	1214	28341	4122	1135
4516	9694	2488	643	24319
961	14388	3	8823	687
4307	8072	648	16089	5151
16877	19641	24488	14752	24040
15991	24535	24534	24406	22531
731	21123	2730	24580	24581
5946	23361	4876	18415	5959
1103	854	2384	2995	3045
2907	39690	13680	9488	386
4190	4196	4257	2763	9912
291	715	1511	1993	12512
2216	3	1285	288	3742
246	56	1245	690	7379
13785	10567	2769	24792	24785
11717	259	5178	154	1590
1881	15080	14323	24869	16485
1100	7900	3267	2320	11285
2661	7036	5505	35808	16877
18534	10567	16195	13785	8187
240	7838	233	18231	77
2574	2720	1589	1588	2730
22382	17365	25115	25086	25125
7444	10058	14467	1980	1416
469	514	5119	351	3641
270	298	11703	7715	574
259	1142	154	1590	5207
25263	9301	25249	15256	25256
3742	3150	3	1302	6758
705	1212	1391	5542	1383
1280	3	3742	1340	1285
5	1413	6340	3706	3721
16165	6954	33350	3247	1212
25368	25370	25380	25408	25390
14224	1284	12345	4333	10852
512	457	37	285	703
19215	9594	454	25472	6594
34	1142	1590	259	11717
11703	270	298	37506	7715
11252	33771	20778	18871	4398
3126	14825	3045	2384	1103
11717	14397	5178	259	5207
16485	16462	13835	46549	1881
5591	775	252	5976	4184
581	1140	1	703	29236
11741	1588	22227	5491	1589
1026	717	4170	7880	1401
10562	25739	25755	25754	25741
7551	11532	19888	33336	3122
25850	13514	10062	4190	8339
3656	1613	2630	1615	29353
3095	2427	4257	643	6070
3078	4958	13682	11985	50229
13359	5542	5489	734	5491
10103	4932	4934	11438	11530
1	703	7693	1137	750
698	3	288	3742	6
9242	11735	10025	10038	10026
26075	18485	26070	26092	26069
4958	15132	28910	28874	11645
261	25	1212	5924	6066
3	288	687	1285	478
177	5505	4891	16877	14752
924	100	18	16	3219
3235	100	5634	924	4449
5489	13359	781	734	891
26300	630	2689	26302	12887
28341	432	1418	10168	8344
500	13750	493	29805	11334
20338	34581	493	9891	1228
1	703	1137	7693	750
3823	594	171	257	2924
561	567	12051	6098	16515
9785	26500	26510	3794	417
56682	1001	50146	50129	29669
4922	3600	3082	8448	5055
11724	300	8798	13	16178
34545	8861	5148	1373	24528
3	288	1285	3742	8331
13714	44971	10431	8702	1849
2544	4891	5505	5227	4890
1137	703	7693	750	839
4112	958	12013	2216	2221
4280	18534	5756	8187	24792
30884	17773	45805	23630	45800
12022	3959	486	4618	12531
929	16832	12724	194	2418
1147	272	351	41837	352
376	9252	378	33224	13088
13785	18534	24792	24785	16195
1686	2814	930	362	101
27124	7398	3643	6395	11002
1137	1	703	7693	750
17200	26636	11735	6134	26631
100	924	3219	3235	16
14775	1894	2853	8106	27206
1588	6134	5283	5335	3156
698	4104	13024	21150	8331
1038	5549	1284	12345	8331
1011	939	3056	8817	5123
27291	13447	13415	16928	13412
5549	4545	1536	3888	707
13359	6469	5542	1877	800
27446	1019	4757	2461	2235
1212	949	2170	4046	3964
7103	8375	11002	3921	3533
2809	6120	735	875	734
3118	341	3970	6827	1255
20155	5847	2418	362	23188
1082	2427	689	3095	6070
27630	15839	27629	26636	27611
2384	3126	25165	14825	1103
11252	3	5599	1285	1038
1137	3018	581	7693	1
7272	7280	735	7260	10226
320	14959	1405	770	1386
5243	2836	1848	10431	1849
3471	15074	27810	428	3467
5489	3334	11252	12878	12614
27869	2009	27874	27871	4019
1664	644	3734	57268	8020
15534	15452	27909	12535	1054
4757	4196	11444	2203	3150
191	13840	2671	4812	1355
11054	11359	11355	7714	44647
13359	781	734	2434	891
10226	735	5489	3	734
5542	13359	643	1589	3120
303	1068	4065	2187	3093
44714	40104	32146	40108	40077
28147	28152	759	7056	11626
759	42521	3738	745	3742
1	703	1137	7693	750
28198	14938	38883	14963	15075
4257	194	689	3095	2427
259	1142	1590	11717	2153
3002	17262	29235	2750	17260
18	3235	5634	100	580
11703	37506	48649	39829	15803
1346	1927	1302	3150	6758
1383	14224	3	5599	1285
6099	17888	41189	14210	12215
39491	39461	1796	39468	39464
14646	5430	11959	23227	16321
28474	4623	4624	19364	4640
101	1188	1154	1271	930
5	1413	3706	6340	3721
3353	8133	31100	24038	3903
28599	28597	28609	7018	28604
3002	7562	21670	9083	2750
28703	9451	28688	2427	4257
1416	4010	1302	6758	3150
17290	5202	15699	15686	48592
12345	28790	966	4545	8823
11882	1284	12345	301	6
240	17772	16424	18231	233
26136	28892	28873	28910	26166
28991	12641	28995	28328	5918
29034	29045	26143	29048	29047
29093	29081	9451	29082	9803
22292	29112	5630	4757	2203
3	288	1285	1038	746
14168	3641	33771	6960	18962
1284	3742	12345	687	13918
1137	7693	750	839	590
24385	6011	4238	17262	29235
199	6193	1615	11002	1613
3	3742	1280	1285	10
36	2746	257	24124	7763
3	13359	5105	3742	1285
7738	7744	12345	20711	21214
29530	14626	1107	29524	29535
1038	5599	711	3	27
270	11703	37506	7715	366
594	257	12027	3823	3811
9891	9980	5891	6141	10027
56	1245	3114	192	7379
11717	1590	1142	34	5178
9149	614	2720	3124	7603
5542	2427	643	6070	4257
5591	775	4324	985	4184
76	2944	576	3536	526
27190	4190	4876	5485	2427
29842	29841	29850	29843	28140
17365	25086	42991	25085	22736
29858	4190	18226	5489	2427
940	17729	17724	963	8791
29909	5021	3742	10	3
29928	9603	29935	23227	29926
29976	29985	24429	29986	53806
10064	7442	1500	23956	637
556	5489	20528	1128	3165
37	10237	933	77	457
33	8740	4775	19222	33111
30090	14650	30126	18834	1055
13359	6469	2434	16183	6068
56	1245	7379	3114	690
441	2660	10431	1849	13714
850	6806	1191	992	426
3	3742	6	10	1285
3095	5542	194	643	6070
2995	5644	45	5667	41806
7900	1100	13680	9637	1118
469	514	5119	351	5656
35290	650	35315	33005	246
2900	9785	3794	417	808
643	3334	6070	5542	4874
775	985	1267	5591	252
11703	298	7715	37506	574
3686	2467	45551	21371	11841
24170	30442	30444	30445	30443
17918	19032	9912	4196	30477
6775	20750	3283	14590	9426
16187	21244	30526	22674	17044
30571	9528	20918	30562	20851
3	1285	3742	288	10
1383	14224	5621	698	6
4190	5489	4876	6070	5460
271	2187	18304	3093	8952
13359	734	800	781	1644
1191	992	426	2994	11086
2849	3432	1204	9503	3630
2900	9785	3794	808	417
1137	703	590	750	4645
3315	29669	4895	13567	313
770	1386	13422	1398	15247
19	3109	5948	16700	38462
23744	17659	23737	36788	5580
30884	17773	45805	18886	18936
20051	8873	1280	17519	3742
5591	775	4184	985	4324
34	1142	1590	615	259
30959	16113	10681	16075	3224
2972	7763	25120	4131	8841
1137	703	7693	750	839
4516	2302	689	8861	18778
31037	46073	46100	35761	11626
2809	6121	31075	875	735
18	3235	3219	28341	5634
5460	4876	361	3950	5489
31174	3099	20624	31211	16430
5	1413	6340	3706	266
31272	8187	31248	31271	31246
642	1391	5542	5489	13359
3	3742	288	10	14224
704	9365	686	3140	9310
4757	11444	3	1280	4196
579	6215	8597	5221	2106
3905	10394	40041	17205	12427
3	27	9098	3742	746
1	703	1137	7693	750
194	4529	643	2427	3095
31472	31488	20441	31481	26215
8331	288	3	3742	10
6011	1383	3	5621	3742
9891	9980	5891	11952	11975
21123	1588	2720	7603	6134
3308	1268	587	8350	27920
5807	5151	19786	31604	18347
43	4234	33255	42009	1137
3109	16700	19	1702	6110
5489	3	734	6070	9622
18200	31737	20718	38912	9156
154	114	34	1590	259
3742	2525	3	14467	7444
346	6726	16502	5588	9403
31850	19185	4148	31839	1685
3465	1849	1226	10431	4812
34	1142	1590	259	154
15206	3193	5105	7336	1343
24409	5234	31933	5227	35808
3950	819	17576	31964	31927
78	523	21019	18526	547
1347	4436	4376	21622	13319
775	985	1267	5591	252
25703	13604	24580	19505	32013
11703	298	7715	37506	574
1255	341	3970	3118	6827
56	1245	7379	3114	690
3742	3	10	746	1285
10431	13301	8705	5320	1849
15793	808	3000	417	3966
2306	10836	9786	15970	15973
11486	11456	60634	42164	51152
23598	23602	23595	20793	31090
2427	6070	3095	4874	689
3706	1413	6340	554	8828
32261	8275	3641	33771	9983
3	11252	1285	5489	12345
3971	4908	13626	13646	10814
12345	4010	687	42	22694
775	985	9701	6985	4176
12240	5526	5538	1496	28086
17729	32409	46768	8791	32422
5538	32374	12240	5526	15287
2557	32487	32471	2546	14778
259	1142	1590	11717	154
22141	32587	32616	32594	32597
10	707	3	719	27
14063	4580	32670	20985	32673
3095	643	689	2427	4257
1391	5822	1419	2743	1402
3	1285	10	5489	288
12345	10	3742	746	3
24435	29764	1536	13580	746
2702	2584	2089	50041	36297
8676	8654	15657	32855	32861
6120	1588	4872	3156	6134
14775	24928	8106	2853	1894
1228	23958	493	14266	3
194	643	4257	2302	2427
3	3742	6	288	10
11717	259	1142	1590	2153
33130	945	7593	13752	1877
526	76	14197	5451	576
583	6259	3936	13841	9473
9891	8040	33318	11952	9980
1142	154	259	1590	114
1267	19051	775	11192	985
29412	6758	19037	1302	19888
569	13754	235	8884	1333
11188	1550	15015	7858	2231
78	523	18526	6817	520
12345	6012	1038	3	7954
257	594	12027	36	7402
12783	42183	25526	32663	21189
10874	33489	33491	1473	16800
10583	10589	10546	10590	10581
16372	1405	13422	28196	314
3	1285	1280	3742	10
2309	33187	2245	36290	36291
11734	58342	11717	14397	50543
1	703	1137	7693	750
3	9098	1285	27	301
3	12345	3742	10	6
16178	8798	8814	300	11724
32858	5526	1496	1589	6285
28458	33715	33717	33719	33737
272	1147	469	847	985
703	1137	7693	12297	839
2302	2427	4257	29669	9626
809	4107	571	11710	259
6758	3947	17	3150	1302
33877	33858	33924	33884	763
1203	1211	642	43070	3297
11703	298	270	7715	15803
584	583	6259	3936	246
2427	643	194	4257	12308
2900	9785	3794	417	808
650	246	35290	56	192
2998	4173	3784	6011	16024
39675	34172	561	5531	34141
1405	486	314	16372	13413
1142	259	11717	1590	154
34	259	1142	1590	154
34234	2455	1659	1664	41653
2995	13638	3668	11196	12563
1	703	1137	7693	750
29961	29184	2989	26154	29725
14795	1848	1226	1849	2841
2797	9434	10284	9833	9860
3	1285	1280	3742	698
2428	34334	2446	2452	34338
1	703	1137	7693	750
5526	12240	1496	5538	28086
552	1550	7858	2231	15015
650	35290	35315	246	7379
5591	985	4324	4184	1267
1535	1534	1556	16351	1546
5591	252	775	985	4324
37506	11703	366	298	574
24	7576	9101	14135	17446
49	4005	14224	1383	8331
27662	34458	34456	26638	17200
11717	5178	615	34376	154
2948	1033	5263	642	2941
34583	3	3150	4757	17
158	110	10723	7779	42493
552	7858	2231	43171	15015
170	14330	4118	1913	3909
14575	3203	12474	8598	8597
20718	769	9156	22676	31737
6358	1391	10804	1212	7602
34762	1877	34737	14064	2123
2015	1719	29726	4352	10352
3095	5542	2427	689	6070
7119	7056	12308	2801	643
762	2228	3109	2520	5948
3	3742	288	10	1285
1137	1	7693	703	4645
12736	7337	2983	1288	5193
3354	3193	5105	1282	13359
985	775	1267	5591	4184
3742	3	1383	18347	14224
3261	10230	291	5983	564
34998	3236	34995	34996	35008
34	259	11717	1142	1590
12449	10273	3262	3698	2941
5263	2948	4254	2926	20338
1618	21380	58183	19774	6012
20737	4333	20699	1228	705
1391	1416	3150	1419	4010
246	1245	3114	7379	690
3235	28341	100	5634	924
44332	22825	32042	38895	52032
270	298	11703	7715	574
35266	35263	5809	24451	35272
1990	4023	5041	2795	1995
14467	7444	1285	2525	3742
816	13359	1416	781	891
6070	5542	643	2427	689
1383	14224	3742	19150	3150
14330	15726	1913	3886	8868
6371	6370	6380	6149	6400
14330	4118	1913	15726	12315
35452	20200	35428	11207	18966
11252	5485	6070	2427	5489
8597	6215	5221	2106	4118
1030	992	351	1152	40872
11002	11252	1226	3	3533
3963	5202	35534	24937	15863
771	1212	5891	3	3666
5156	24280	5505	15680	51618
11724	300	8798	1557	8814
259	1142	1590	5207	154
1226	1849	10431	8702	6020
5489	4876	2427	800	643
7056	7122	9419	7059	7119
3641	17139	12525	17142	9879
5105	3	734	9622	1282
1390	28341	7569	39488	7551
7036	2661	5227	15835	5505
1144	31292	29805	26405	78
5634	18	28341	924	12049
12345	8331	3	1285	10
7021	828	2661	7036	24391
1383	1298	14172	25464	2250
15786	15753	15730	15735	2781
60634	42164	32188	11456	51152
20754	9866	9860	23780	9833
35995	20588	6506	2438	9251
1137	703	7693	839	4645
19049	36788	36793	11779	36783
3	3150	3742	1285	288
8676	32861	8654	15657	1584
1423	486	404	2056	6789
25683	18061	17660	36072	25708
271	2187	1068	3093	36880
728	36138	2169	20296	5703
1137	7693	750	839	4645
12025	20338	4254	19155	34581
24	9101	17446	14135	3622
36186	16489	14325	16477	16468
1137	7693	703	750	4645
11444	2235	4757	2203	6650
17200	26636	27611	46169	27629
6111	6094	40104	32146	8064
5489	734	6070	11252	3
7603	2720	3315	2574	2730
19049	36788	11779	36793	36783
2750	28229	619	15844	6011
36369	36370	14040	25935	36372
1701	1708	10792	13956	38
36414	36418	4190	2732	1453
698	3	1285	1280	301
14965	15129	5526	770	5593
1383	14224	6925	5621	3
246	56	1245	192	3114
3265	2278	5279	36592	2384
2204	4656	4715	2235	36626
34258	4757	11444	2732	2235
250	3273	11717	1590	1174
36706	27339	18243	18240	35889
26720	644	39772	122	6068
13750	500	493	16195	520
18304	3093	10622	4065	10337
14330	19329	1881	3886	14338
18	3235	100	924	5634
17659	36788	36794	21123	2720
36827	36825	36837	21510	21277
1	703	1137	7693	750
5500	36906	36918	4958	20458
1391	1401	9372	3959	1419
486	5542	5489	13359	1416
1588	1589	5480	2720	5491
14434	89	4516	929	11302
8095	8081	8171	8142	32209
3140	9365	3702	11	697
37083	37089	9226	37104	13585
734	6070	2427	5489	13359
11	704	686	3140	9310
10226	20627	7260	875	735
5489	3	13359	3742	288
500	1158	13750	493	520
37185	37183	19364	4640	4071
172	856	18285	892	5909
37247	875	735	28279	24438
6215	1920	2106	5221	566
37261	33932	124	37270	135
14531	37368	17258	32538	18570
22167	1419	1391	1406	1401
3926	14104	8702	13714	44971
3235	100	924	5634	28341
6134	5283	25708	27630	1588
23501	11252	17276	17278	5489
37536	37533	17945	8299	12323
1100	7900	3267	11285	2320
1589	1588	2720	7603	5491
4192	15699	17290	8106	46624
3229	5489	9622	734	800
16536	56973	7945	19645	26022
5227	5505	37647	2853	1894
7541	12531	7551	1419	9372
3280	11002	6780	3533	3460
22404	45965	22420	45533	199
37709	7735	58961	3919	15726
37715	1398	1405	16372	314
11703	298	37506	7715	574
78	253	523	6817	500
3640	15378	3249	26452	3315
3	1285	8843	5599	4545
192	246	3114	56	1245
11717	1142	259	5178	14397
257	12027	3811	3823	1593
4190	4876	5460	5489	643
37881	37857	16210	32861	37879
891	781	6712	6068	892
199	34850	6193	1615	8033
5460	361	370	23869	3315
37506	11703	39829	270	298
15533	6803	3570	14197	3371
18891	3000	3966	417	3001
781	734	5489	891	1212
703	1137	7693	750	590
440	2849	3432	1204	9503
1072	1062	32818	1073	59179
170	12315	19976	4118	14330
3	1285	3742	10	288
16700	19	1702	6110	762
1137	7693	12060	703	750
5489	13359	3	734	5105
5105	1282	3193	734	13359
3964	949	1212	5924	4046
2920	6238	9858	2975	3008
29169	10567	13785	24792	18509
38264	38263	37103	826	37851
18570	38298	21022	11001	31325
568	19049	36788	11779	36793
4041	1416	21150	14224	1473
29322	29679	23282	14081	29441
38439	8671	38427	38421	38438
3235	100	3219	4449	5634
1254	16286	5756	54060	20764
38503	8281	12796	8711	38513
2427	643	6070	5542	689
5491	6134	25708	11830	33669
985	1267	5591	252	5976
1137	7693	1	839	703
2796	4023	2795	38597	19738
38608	38605	38603	38620	38602
642	23770	34581	38629	13171
38652	2525	4102	11276	1473
302	3905	10394	40041	17205
4757	7103	11444	11002	1302
4352	1719	29961	2028	29184
2730	13577	21123	2326	16183
1208	38779	12799	11334	3390
2302	19799	29669	16553	20126
10854	31361	2835	38835	698
1664	3734	4977	8506	16553
14330	4118	15726	12315	1913
14224	4333	14177	4041	6598
5542	6070	2427	3318	781
4192	15699	17290	8106	5202
970	1297	2829	1383	24393
22256	1664	11420	4827	7003
19527	9840	2797	9838	9421
7018	39024	36121	6977	26198
39057	39063	35213	39031	39062
281	261	11893	19555	5924
3261	5983	5657	5279	7752
21013	1849	1226	8281	493
3	288	1285	3742	10
38	958	4112	12013	10839
11002	3533	23536	3460	3465
13413	13430	16928	13415	13438
2513	1443	2621	1451	2611
259	1142	11717	1590	2153
6575	5150	5591	775	252
313	643	5481	781	6070
5624	12449	369	2948	1033
303	1068	3093	4065	2187
23003	1419	39279	1391	7358
552	2231	11188	43171	15015
7779	14399	6235	4118	158
39349	800	13359	781	643
2427	11252	6070	5489	643
259	1590	11717	2153	154
12857	1920	5221	225	12881
2148	7103	11674	3545	11650
12306	42521	759	745	3738
9807	9990	39494	39461	39488
3150	8843	3	1280	6758
3	3742	10	6	288
5259	22187	13790	4553	41348
39554	32882	12256	15544	21956
246	56	1245	7379	3114
24409	7036	24391	2661	44669
351	272	1147	8729	469
37	54	457	512	1
4254	1033	2948	38639	10273
39772	734	13359	781	891
7587	4446	11127	11146	14793
253	78	523	6817	18526
39801	1613	2630	6193	39800
37506	11703	366	48649	15803
23082	39837	8440	15018	39835
3600	4922	5055	4918	1391
25769	39869	39890	38162	39868
270	11703	298	7715	37506
39491	39468	39464	39461	39470
1383	14224	39974	30465	2001
493	1202	500	503	29805
6107	3749	4908	22169	25328
2849	3432	1204	3623	9503
10394	302	3905	40041	17205
32146	6094	724	35525	40104
40130	31947	40134	40133	5179
4022	5280	1304	5649	2795
22467	5045	40919	3326	3600
2337	20123	6134	1588	6284
2151	6107	4908	3749	917
4077	8406	4010	18982	6758
40254	40255	40256	40257	40249
2926	10273	10296	4433	5263
5489	3	3742	734	6070
1407	3149	9297	12053	12199
32786	23736	32799	605	34075
8142	8081	13577	2730	24780
10807	11645	19344	10873	37820
23744	30875	30874	448	17680
16502	6726	5588	26629	1496
697	1137	11	3140	12073
11	704	9365	686	3140
1142	154	1590	34	615
5542	1391	13359	643	6758
40457	40455	18668	29669	57013
12668	15630	31927	40199	15488
16020	2946	17249	40539	4215
2015	29726	1719	20197	20204
2467	45551	21371	11841	20755
4234	42	3952	3018	42009
1212	5489	6358	734	3742
17290	48592	15699	8106	5202
3358	35525	8133	24022	225
11054	11359	11355	1811	14775
11724	300	1557	8798	16178
3150	1302	1416	3	3742
154	1142	1590	34	114
27282	40762	14224	23082	3150
3000	3966	3001	1964	15793
686	3140	9365	582	9310
6395	3643	477	40833	40838
40857	5150	5891	9980	9891
24	9101	14135	17446	5664
4918	5150	5891	1212	9891
11717	5178	14397	34	50543
11703	298	37506	574	366
149	45291	44860	44876	158
288	3	565	1280	1285
13359	734	781	800	891
48592	24040	16893	14775	3902
41026	15613	10674	8016	41011
756	2909	9453	3161	19744
5649	5650	45	3075	5695
2306	10836	9786	19770	2504
6575	4263	5891	341	1048
581	1140	29236	1137	1
2151	17892	15372	15356	38462
891	781	734	13359	800
2567	2701	2564	5300	2585
41178	3304	41185	36873	41184
7198	3261	5639	1077	5279
41199	41197	3971	41203	41195
288	698	3	3703	14467
23901	23870	11740	2730	11744
9528	20851	7536	16631	4190
250	3273	1590	11717	114
6806	23501	17278	426	19107
34833	7056	41306	3158	26796
14224	759	23958	745	42521
11095	11824	5704	15287	29692
1422	9297	34012	9312	9323
16183	2730	21123	15839	24117
1137	7693	750	839	4645
36788	36793	11779	40332	36783
41026	37917	41444	41432	41422
16485	1881	14323	14338	15080
13754	569	1333	8884	4781
41507	41521	41526	34899	41516
13577	949	2730	1212	4110
11703	298	7715	37506	574
19274	41579	41569	20336	42
703	1137	7693	750	590
2720	1330	2574	1588	27630
3	3742	10	288	6
3886	19329	1964	14330	15726
564	10230	3106	5633	291
314	1405	15382	770	5526
40744	670	1211	14475	43070
648	3980	4009	8072	2690
3628	19226	741	5488	20617
37050	38466	41877	41876	41872
6499	18617	41940	3095	4257
3	3742	288	1285	10
9971	6358	9992	8745	3208
34	259	1142	2153	11717
14330	1881	14338	15080	19329
698	4104	13024	21150	8331
1590	1142	154	34	615
9731	3001	3000	7599	23036
1215	17641	7752	715	9635
6421	3282	6780	9423	3129
42061	45084	45104	45095	19148
3706	6340	737	266	510
2978	41063	42105	42534	11626
19202	18537	35852	27084	38168
703	7693	1137	750	839
13359	875	735	734	11948
6111	6094	35525	6105	16879
1188	1154	1271	32201	930
24393	2829	1383	721	6925
4757	3150	1302	3	11444
3861	3929	250	11717	584
756	2909	12456	3145	3161
12369	1901	16877	5227	2853
18	924	100	3235	5634
43	4234	42	1137	3952
9866	3371	11002	6803	3533
469	514	5119	351	3641
856	5909	1197	2726	853
42302	20211	8048	4791	1117
24130	31425	16113	11520	15015
746	288	957	3	27
733	25614	46272	25613	46269
154	1142	1590	34	114
7056	43092	10232	7119	3158
14648	42430	2658	13373	852
42452	42493	10723	42458	44877
1137	703	7693	750	839
3	288	2525	1285	3742
5599	1038	9098	27	3
3	3742	288	1383	10
272	1147	469	847	1030
26348	42578	11276	1285	3
2942	1678	2575	892	2691
2726	1143	172	856	4376
12531	1416	5081	3959	4196
2900	9785	3794	808	417
3	1280	3742	1285	12345
5120	42666	30899	7094	34644
3884	12471	8419	8422	3341
11650	7103	18683	42852	42759
46272	25614	24114	25613	46269
20718	769	22676	9156	1361
9840	9838	3444	27117	3643
1881	15080	24869	14323	16485
369	2963	17641	2147	5624
734	891	781	800	816
725	12065	3170	7122	10252
233	45808	9053	16424	17772
697	3140	11	1137	1
5489	4812	6712	6248	6070
746	288	957	3	1280
1137	7693	750	839	4645
7056	6832	7119	3158	7878
437	3280	9859	3460	3465
734	1678	1860	1859	2748
3093	1068	4065	2187	2768
33631	3018	16113	4234	42009
623	551	11	19	704
9838	26798	38993	3444	38986
42809	43223	43224	43222	3674
3686	45551	21371	20755	45549
43286	20543	43282	43292	12525
114	154	11717	7855	1590
13638	11196	3668	12563	10625
192	650	246	10070	29669
20146	313	19799	14645	4257
1226	10431	1849	1848	2836
9891	9980	14274	1381	11975
10	3	278	1280	6125
43540	6321	6326	6331	6334
1212	4046	5924	5101	949
734	13359	816	3232	2434
56	1245	7379	3114	690
3742	6	3	1280	12345
30024	2300	370	2296	2277
43658	42822	6822	40851	30220
18	3235	580	3219	7700
2306	10836	10837	2504	1304
19	762	2228	3109	2520
1147	469	1030	514	1152
703	1137	7693	750	839
56	1245	7379	690	192
2427	6070	3095	643	2302
246	56	7379	192	1245
4254	2948	43813	43808	1033
6806	23501	19115	17278	19107
828	2661	7036	15835	5227
43907	25933	2576	2562	43967
2909	2149	3145	12456	9453
6758	1416	3150	4010	1302
302	3905	10394	12427	40041
34	11717	259	1142	5178
20126	6491	4257	16882	25000
8699	1615	6193	58183	5542
9983	3666	9891	5891	12525
7900	3267	13680	11285	2320
1702	6267	13626	30486	11091
44145	44146	44150	10439	9749
10658	7103	11674	11650	3541
25	41	281	261	1764
34	259	1142	1590	2153
555	1280	3	3742	10
7094	781	891	6712	13359
246	1245	7379	3114	2649
4834	5335	1588	1589	6134
1030	847	351	1152	992
3308	6682	1268	400	587
11717	5140	34	154	1142
44305	44307	44310	44317	44324
22825	52032	8972	15859	1741
15372	3971	15360	15368	15369
3235	100	924	5634	593
6522	13184	2574	1588	3146
16178	8798	11724	1557	8814
16215	21191	2216	2221	10839
469	5119	41837	40549	5656
4022	1304	3632	2306	2795
5542	643	6070	3095	2427
3	288	1285	10	3742
5451	576	3536	76	2944
44519	15391	13437	44527	44520
3536	576	76	3550	3369
2427	12228	643	4257	6070
36	2746	7783	19770	24124
4190	361	18200	4876	5763
7036	2661	2853	35808	15835
6111	35525	40077	8064	6105
2564	2567	2641	2630	2701
2389	9735	21514	47821	2661
1	1137	703	7693	750
3261	7752	1077	3262	17641
11545	11530	14793	7587	10103
3	1280	1285	3742	746
28341	432	924	3235	16
1	1137	703	7693	750
3666	12820	51015	39113	20543
8507	25911	1664	6718	31224
250	3273	2914	1174	34376
1590	34	615	1142	154
569	8884	2852	3742	3888
10810	3	698	1280	1551
3	1285	1383	698	288
26804	19535	9433	13303	9838
9859	3465	3460	11002	3533
606	32798	10462	568	22641
28747	14931	16099	45019	24220
2249	2258	45062	2244	9108
302	3905	10394	17205	40041
16019	4215	45095	16020	2945
2730	16183	5542	21123	2720
1212	5489	5542	734	13359
1	703	1137	7693	750
15827	2558	13577	15833	40845
5150	33318	9891	8040	14274
22008	22002	2284	634	14697
781	2861	892	608	800
3258	9807	16536	39475	15970
11200	4398	5485	1685	4516
20718	1664	9156	180	4516
2346	2411	367	2343	2614
581	1140	29236	1137	11110
43	42009	4234	42	33255
562	13453	14467	10222	772
3	14467	734	3742	5489
6344	3002	21670	7562	9083
18	3235	28341	5634	3219
45437	45442	23469	29032	28955
44612	4790	8817	6	4545
45502	3090	1416	8319	24885
417	9800	1970	8020	644
33444	891	22398	781	734
11703	37506	298	7715	574
194	689	3095	2427	6070
7035	6977	145	12221	7599
19689	17659	37622	5580	23744
303	1068	4065	2187	3093
5906	5907	22852	5874	9633
43	4234	42009	42	3018
2148	12460	11674	10658	18683
15056	11294	8281	13714	8705
29669	19456	5867	4257	2302
11252	3666	3641	3095	33771
5909	1197	853	908	21263
587	27920	11357	926	8062
3742	3	4545	5549	3703
34	154	259	1142	1590
10299	1035	5723	13943	1034
361	370	4876	5460	23869
6323	45921	1420	770	6326
1188	1154	1271	930	1686
251	16286	1254	18534	4280
23589	45949	40089	40067	32146
2149	2909	9453	8428	46775
16791	18344	28218	27159	41569
5105	1282	734	13359	3193
17555	46021	2302	2427	2488
4190	5489	4757	15378	4196
2849	3432	1204	10430	3623
46073	31037	46100	1391	4010
735	11964	4532	7260	875
13359	6469	2730	2434	734
18	6804	12049	4449	580
21123	2720	2730	7603	1588
615	2161	11717	1590	1142
165	19980	8030	7872	3333
3	1285	27	4545	3742
5591	252	775	4324	33236
39942	26092	30622	18531	18485
11054	11359	14775	11355	4192
5105	3095	734	6070	781
3140	9365	11	1137	7693
2567	2701	2631	25933	10962
30875	46312	46411	46458	23744
20458	46481	46479	2216	4958
10431	3389	10434	1843	1226
1214	28341	1135	4122	4572
15080	16485	14330	14323	14338
27514	27517	27516	46571	8375
4190	2763	4257	2427	3095
2427	3095	4257	1082	194
1303	1416	1302	1346	3150
11054	11359	11355	7714	14775
41	281	261	705	1764
7418	16440	13632	1103	299
10226	13359	735	875	734
37622	32798	10462	2068	7919
11824	2216	4908	1588	14224
25082	1697	38132	4333	25115
3656	11252	11002	6193	2427
2504	2306	19770	10836	10837
25	281	41	705	261
35698	42957	30486	1179	13626
1419	1391	5542	1416	3095
6961	553	5724	10	707
5924	1212	5101	4046	705
3235	100	924	593	5634
3	8843	3742	1285	745
14197	13359	5489	5542	734
1191	12873	6409	18654	8244
7322	4207	46931	46919	4206
12013	38	4112	2221	2216
10292	28217	46977	46984	46980
1792	1330	7603	24117	1589
7694	7695	38089	1061	47038
2504	2306	19770	10836	5280
13755	34581	33318	2640	14274
5985	47092	52618	40237	47096
47106	47114	10576	5891	47107
6235	44306	4740	34843	26276
2730	13359	6469	852	13752
3	3742	1285	288	10
236	16432	19989	54	37199
14330	3886	15726	14338	1881
261	35317	47302	57207	9853
12027	594	36	7402	10847
5489	6070	734	4812	5542
13750	500	47333	49653	493
12535	11252	3221	3095	5719
47385	47393	47387	13683	47383
2730	16183	5301	1588	25708
10232	47443	3170	9419	7119
34	259	1142	11717	1590
3	3150	1280	3742	1285
9727	2148	3152	7046	3884
4876	781	3315	4190	8339
4446	7587	3	3742	14224
5055	3600	4922	40919	19055
14330	3886	14338	19329	1881
270	11703	298	7715	366
1573	4831	2658	6009	1644
47607	47611	30960	21005	4077
1361	587	23542	23189	17773
800	734	2658	13359	1644
1	703	7693	1137	750
3060	7402	3811	257	9178
6758	1391	1401	1416	4043
47912	21241	47822	47727	47873
43	9365	42009	4234	19143
2728	783	2126	1740	2435
19111	31134	48301	38845	58664
34	5566	1142	259	11717
7056	726	43092	3158	6832
5489	13359	5542	6070	781
875	781	3600	735	891
390	14697	9242	2296	1894
34	259	1142	114	5207
698	3	1285	1280	6
41946	29889	7859	26855	2381
10058	3350	25083	4073	7954
341	3970	3118	6827	1255
2524	929	36684	8517	22312
48545	32605	14645	25985	16832
218	24040	11359	11054	14775
3001	7599	3966	21366	33468
3143	7257	11948	10226	22213
2849	3630	4723	3432	1204
24	7576	9101	17446	14135
32798	48652	37622	13045	10462
15372	10805	13646	48666	1405
4190	3095	194	5489	4812
19147	2750	48719	21544	48716
8884	569	4781	235	55
19	2520	3109	5948	38462
1033	2948	4254	10273	2941
2926	1012	4433	10273	5263
194	3095	689	2427	6070
3126	3045	2384	1103	7452
48806	11883	48813	4078	5081
1137	703	7693	750	839
3666	11252	18640	1212	5891
259	1142	1590	11717	154
705	41	1212	5128	4922
4408	2427	4398	11252	3095
6795	3454	6803	3540	3371
18	12049	4449	593	3235
7295	20840	14478	30172	8218
29805	500	493	1228	13750
5489	3	6070	734	4190
3390	1144	11334	253	78
192	246	10070	3114	650
1226	1849	10431	2183	2841
48994	48990	48991	49008	40122
12531	1019	5630	4019	18235
9980	9891	5150	1048	6141
933	37	10237	77	457
42	12345	8331	707	9685
10226	734	3	13359	5489
6421	3282	3656	3129	9423
3	288	13359	1212	734
49202	37393	49204	30355	37368
26025	4623	4624	3197	4958
5756	3	771	1212	3666
1285	5123	3	301	3703
7954	1038	7949	6064	20167
648	4009	3980	5081	8454
1033	2948	4254	2941	12449
9434	26804	38995	9838	7065
2615	9239	15827	15833	2659
3734	31207	31224	1664	3602
3	698	687	1280	1285
17498	3334	4968	9508	29669
7603	6134	1330	1588	5410
7036	828	5227	15835	35808
583	6259	3936	13841	313
1588	11741	1589	2720	13359
56	1245	3114	7379	690
5591	775	985	4184	5976
3	12345	3742	10	6
3095	644	22256	2488	2427
17773	23630	45805	926	18936
49609	49606	49620	49604	49617
1588	6134	1589	3	5489
6650	4019	4757	493	1302
3686	2467	16199	17757	45551
7021	24391	5175	195	218
3348	6619	8370	734	1631
13359	2720	2730	6134	1588
7693	703	1137	1	839
11002	8375	11923	7103	9723
4079	14676	1657	2068	16553
2247	9108	400	2245	9112
24	7576	9101	17446	3622
14224	1383	3	4333	687
45800	17773	45805	23630	18878
4190	4876	18200	5460	5763
39202	12870	13372	10322	16247
5909	853	908	856	21263
19316	643	4257	194	4529
6215	8133	14775	1920	3358
5489	2427	4190	4757	4257
49982	29482	49985	49981	13433
2730	21123	16183	13577	2326
2849	3623	3432	440	1204
8819	43695	7353	32907	28175
18773	43055	6012	5662	3640
21542	7587	50167	50175	50174
679	3307	3284	735	875
22764	308	734	1859	1860
856	2726	853	172	13359
4430	29	706	705	13740
15545	15498	15540	1383	20702
2726	18285	856	892	5909
7576	9101	27180	17446	14135
56	1245	3114	7379	690
56	246	10254	1245	5080
1413	3721	683	746	554
23501	23504	17276	19115	17278
11192	19051	10567	29169	775
3536	3520	576	526	5451
679	3307	3284	735	875
3	27	1280	746	3742
11002	5111	5489	3921	3
3	1285	687	1280	288
5526	28086	34364	12240	2747
20851	50614	5489	6070	4190
13714	8705	1849	10431	44971
14224	1383	687	5621	3
50672	17658	5526	1226	5270
5591	775	985	4324	33236
3205	2106	6215	1920	12323
5591	985	4324	4184	1267
734	13359	781	6469	891
1913	4118	37710	15726	3886
493	23958	13750	520	1226
3095	2427	6070	194	689
19456	29669	3601	2302	2801
50747	29119	50625	44366	17931
933	10237	39574	772	37
40988	50856	50833	3241	10191
734	816	13359	2658	800
11135	12531	688	5069	5630
78	523	18526	21019	500
50984	5140	11717	1643	5178
9156	20718	34702	22676	9277
44830	33209	23507	33728	46741
257	12027	3823	3811	1284
44677	17667	48433	48453	35409
552	1550	7858	2231	15015
1284	12345	3742	10	6
8331	3	27	12345	10
17503	51095	4914	34340	13169
7379	1245	690	192	643
478	957	978	288	3
101	1188	1271	1154	930
3	698	1285	301	1280
29353	1226	1849	2183	17245
2780	20306	26136	28910	28874
1767	21262	1769	2750	6294
22352	51214	28243	6673	1457
3	1285	1280	10	746
3071	291	715	2	1993
13433	15247	51303	30842	52761
10019	17142	18509	17151	17139
643	5542	3095	2427	6070
14330	15726	4118	1913	12315
3001	43469	3966	7117	3000
2849	440	10430	3434	9503
568	19049	36788	11779	36793
608	7954	1038	637	3
11740	33026	2730	21123	5480
615	1142	5178	259	11717
1589	1588	5491	7603	2720
51518	25387	24268	1641	11323
14449	51535	4141	2640	5150
4257	643	11252	2427	3095
5983	5279	7752	5657	564
3261	7198	5279	9215	5983
27153	20482	12733	13990	32050
2661	7036	15835	2853	5505
6558	6358	10804	3243	4065
1137	703	7693	750	839
4307	8072	648	2690	9105
4190	4876	5911	684	2427
18772	39772	15793	60453	7762
583	6259	3936	13841	9473
4827	4831	51787	1343	3193
36134	6971	11276	2525	26348
38835	51839	51853	10854	32804
246	1245	2649	690	7379
16012	51897	3832	3822	3784
4812	5542	6070	3318	2427
17773	51936	45805	18878	23630
1310	27920	587	4107	23033
3095	2427	6070	4257	2439
12857	8597	12323	8299	12865
703	1137	7693	750	839
3150	4010	6758	1416	23100
11	704	686	9365	9310
34	11717	1142	259	2153
44332	52032	22825	32042	6366
3674	38077	42809	7135	477
4529	6070	689	194	3334
7573	1390	28341	3005	4066
52100	7166	52105	7045	7029
29669	4257	2427	643	4516
28341	432	449	1418	10168
11703	298	7715	37506	574
3354	3193	5105	1282	1343
8676	8654	15657	32861	32855
5621	1383	3	14224	3742
11475	52215	11294	52207	11463
1214	28341	1135	4572	12566
1391	1416	1419	3090	9372
4903	49346	8475	30076	37506
13359	734	6469	6068	2434
584	583	3936	6259	246
1038	3	288	1285	10
457	512	1137	703	1
13359	2434	734	6469	781
8176	2781	8174	8183	8178
1212	5924	949	4046	5489
3778	8702	2836	8357	10431
642	4285	13232	34581	2763
11717	259	5178	1142	1590
31226	52494	52493	40220	47638
1214	28341	1135	4122	4572
52508	52506	199	52505	23429
12529	13306	8739	2763	16784
946	9622	734	800	1860
24869	1881	41452	1880	14323
4908	1588	3765	5491	2574
28566	52544	52561	52559	2434
7140	2302	25000	5542	2427
3	3742	10	288	3150
24745	9029	12512	52617	6650
14786	4932	10103	19539	11530
2832	13714	1848	5243	8357
1152	847	849	13192	13170
1285	8843	3	12377	707
2302	4257	2427	29669	4516
440	2849	3432	9503	1204
3	3742	1285	6	10
1371	2427	643	6070	2439
1068	303	4065	2187	3093
3119	1613	2567	2630	29353
703	7693	1137	750	590
2525	17462	9956	5636	12047
10230	564	3106	291	5633
2427	6070	4257	3095	4874
1137	703	7693	839	750
170	4118	15726	12315	14330
52888	1402	28659	8386	3959
12065	7056	726	3170	10252
3742	3	4010	1391	6758
52966	46666	52968	43727	59376
52976	52979	11860	27930	12594
3230	17346	798	1860	3797
2538	8988	45525	16176	26481
14168	33771	6960	20192	27760
1	703	1137	7693	750
14197	5542	11252	5526	3371
2849	3432	1204	9503	3630
852	13359	891	816	781
2614	2686	367	2343	2346
23737	23744	26069	26092	46319
606	32798	10462	31009	568
9372	12531	1391	1401	1419
12736	15206	16881	2983	7337
45971	12429	12433	12540	9723
934	14467	288	1038	3
2384	1077	3126	386	3045
734	800	13359	9622	6469
53336	53337	53340	53334	23307
6238	2975	40403	2976	15042
1152	849	1030	13170	4754
3095	17665	2962	2487	4893
45808	16424	9053	17772	16420
2853	5227	14775	1894	1901
2198	2196	199	16330	22427
1282	14775	24937	2853	1323
7261	12345	51557	5489	35682
11	704	9365	686	40566
9622	734	1745	891	781
53553	53556	5956	46197	27250
25218	53607	3231	53626	53627
3	1285	288	698	10
3	5489	288	1285	3742
698	744	13024	4990	4104
594	12027	36	7402	3823
587	27920	11357	1282	49464
1849	1226	10431	1848	2836
2720	1589	1588	7603	5491
246	56	1245	3114	7379
30013	20624	22328	14723	6064
435	20764	341	3970	3118
6334	6331	6326	6321	6320
34	5140	4365	1142	615
2089	1796	39470	39472	32838
5505	1894	2853	15835	4891
5526	1496	13413	314	770
53937	53918	53928	53916	18032
3	1285	3742	10	1280
23501	17276	23508	17278	19123
1416	1303	3150	1346	6758
5011	1762	5074	54003	4020
7587	54016	1383	14224	32322
3	3742	10	6	1285
5515	3537	35241	545	6903
6757	25125	12766	43721	754
54072	54075	2485	34581	425
1268	17773	30883	17979	45805
16382	54169	54183	54176	5008
29	4430	5101	705	706
240	7838	233	77	11619
4908	6107	22169	3749	25328
54225	50043	46161	3764	10811
54270	54274	54310	47043	40212
441	10431	1849	2183	1226
20744	2221	10839	21191	11637
18	3235	4449	100	593
54453	54429	25860	54433	54428
5858	4257	5849	2427	3095
54543	23737	54536	54537	26069
3106	291	10230	564	715
440	9503	3432	1204	2849
11002	3465	3533	3460	9859
10431	1849	1226	2183	8702
12531	1391	2100	4165	5630
10257	13700	7184	53990	54659
3	1280	10	3742	1285
12345	3	3742	27	4545
4908	1589	6134	1588	5491
16397	5526	28086	2723	1496
303	1068	4065	2187	3093
54767	54773	22312	4408	1685
7446	9106	9140	34178	9142
23744	30875	448	30874	17680
1272	372	10273	23869	2907
17773	45805	20698	26887	45775
14330	15726	14338	3886	1881
18	3235	100	924	5634
11626	54849	6758	3150	4010
8095	8081	8142	8171	32209
56	1245	3114	7379	690
54867	18330	27433	3371	54868
4263	5891	1048	341	8222
21526	1343	18076	23542	3328
15793	808	3000	3966	38895
5489	6070	194	3095	4812
3205	6215	1920	2106	5221
5301	6444	5283	6134	1588
3803	3303	27059	10273	18318
3	705	1285	4545	3742
745	759	3	10	42521
23245	33468	39772	781	816
615	1590	1142	154	114
55053	19247	55071	21040	13750
16275	24815	5756	18534	24801
2730	21123	1589	2326	5301
259	1142	1590	615	2153
46883	55143	48645	13735	46737
39475	1391	1419	9372	39455
8785	4194	8784	8787	8786
16468	31783	2127	36185	1885
55253	11613	55252	22553	40185
417	9800	1970	3598	8020
19774	1664	2488	3095	58183
2900	9785	42359	3794	8021
55309	6803	3454	6795	55311
1142	259	154	1590	5207
556	5489	3165	233	250
11717	5178	14397	50543	4365
12857	37536	6215	1920	7939
17556	55429	55440	55439	49506
8034	22420	22392	199	22391
2427	3095	2302	6070	643
5591	775	985	4324	4184
3462	43120	3465	39008	55550
11631	55565	17888	45253	17874
1282	5105	1343	3193	7717
5526	1496	28086	12240	5593
22436	14307	55628	8995	25166
1391	4010	9372	1401	1416
15165	32767	21005	2174	55675
25165	2384	5093	2278	3126
770	17658	5526	1405	50672
3811	594	7402	26451	257
55777	30871	5729	55783	50337
985	775	1267	252	5591
33389	7565	1302	3090	1416
3734	1664	2427	2456	2454
7381	6395	21394	3643	3647
512	703	1137	37	7693
1137	703	7693	750	12060
1197	5909	853	908	856
2504	2306	19770	10836	9786
2427	14467	4257	3095	13359
51015	39113	33728	12897	12820
55949	36788	55948	11779	17694
351	272	1147	469	847
5817	35077	52883	5809	29511
426	2774	10257	10274	9626
7330	7252	1310	57695	679
7541	7550	23984	9070	5494
31100	8133	40100	42229	5420
49470	6217	56105	6218	56106
49990	29482	49985	50007	50001
34	1142	259	1590	154
2730	21956	21123	2720	13577
272	1147	469	1152	1030
194	643	5542	6070	2427
154	1590	34	114	1142
11054	11359	11355	7714	1811
1142	259	1590	11717	2153
2151	6107	4908	3749	917
33	8740	19222	4775	33106
7854	11520	15015	16039	24394
11724	300	1557	8798	8814
3140	11	1137	703	7693
42713	26813	7065	9848	56350
2924	171	3823	4131	594
4934	7587	4446	15748	13349
36880	5845	16786	27385	8952
39475	15970	19055	15973	39494
4408	1685	4398	6070	5485
32102	934	23956	56511	56514
3126	14825	3045	2384	1103
3698	10273	14771	12449	386
19222	17853	19240	16512	17888
7699	1062	828	32818	558
13632	31179	1103	56658	237
11703	298	7715	37506	574
2814	1686	930	23188	2967
567	17874	12051	17888	16510
12240	5526	28086	1496	770
643	4516	2427	29669	4257
441	2660	1849	1226	1848
15391	12736	44529	1288	34902
15073	56798	50729	25861	54492
4516	17665	2427	3095	643
4192	40624	56818	17290	15686
1103	4444	3126	14825	2384
11703	298	7715	37506	366
3	698	14224	1285	288
7576	9101	17446	3622	15647
1664	2455	2454	31224	31219
56902	12658	17773	18936	45805
775	1267	5591	4184	6985
583	6259	3936	13841	9473
679	3307	3284	735	37506
56949	56948	52496	56944	444
512	285	703	5458	12037
14184	4118	14330	14185	1912
29152	56996	5489	56994	3315
2427	4257	3095	2302	643
571	259	5207	1590	1142
1881	1880	15726	4118	15080
25	41	281	261	705
8597	5221	6215	3	734
5207	34	1142	259	5178
5542	13359	22256	6134	6070
23869	361	5763	3950	5460
13308	3001	179	25370	211
3358	8133	14775	1894	31100
9912	407	4196	11613	30816
57152	22187	10890	1844	8215
5105	1282	3193	734	9622
194	3095	4529	643	689
3964	1212	6066	12531	5924
5227	1894	15835	5505	2853
1100	13680	7900	3267	11285
18534	16286	1254	4280	13785
26	3	3742	10	27
17773	1361	23630	30883	45805
246	56	1245	3114	7379
9800	1970	8020	24201	22256
29725	4352	2015	45320	22088
346	16502	6726	5588	26629
775	5591	252	985	5976
3	1285	1280	746	27
4307	8072	648	16089	2690
7379	56	1245	650	35290
734	891	13359	800	3193
1661	1664	2456	31224	5300
16361	12240	5526	13359	1496
11703	298	7715	15803	37506
246	56	5080	3105	1245
154	1142	34	1590	259
7015	154	1142	34	5207
57436	32648	53788	43572	57437
41981	9322	51645	34012	51643
28341	3235	580	3219	5634
6795	24175	57484	6788	24185
224	7505	12531	17615	5897
12531	4285	18660	642	1001
302	3905	10394	17205	40041
892	1678	1745	22398	6068
5591	33236	775	985	1267
4190	486	2763	194	3095
24139	36932	40776	37388	13212
346	16502	6726	5588	9403
3095	2427	194	17665	643
11717	259	1142	1590	2153
44971	2836	1848	5243	13714
4112	12013	958	38	2221
1026	717	4170	7880	6496
37506	11703	270	298	366
4190	3315	5489	5460	781
33083	27282	30962	26268	1696
6070	4874	2427	643	3095
2308	33187	33608	33588	33600
437	2980	11002	23536	3533
7954	11741	7956	21123	637
44953	57836	57848	57847	57838
78	21019	18526	523	500
5227	4891	5505	1894	5489
1	1137	7693	750	839
30842	52761	15247	1405	1398
2752	2690	3994	5045	35143
57962	33901	33933	48932	5877
3276	10190	9539	57988	19030
6111	6094	35525	32146	40104
302	3905	40041	10394	17205
1300	7763	4253	15844	16999
1212	5924	17258	4046	14890
6421	3282	3129	3656	3120
5591	775	252	985	4324
58110	10462	32798	38181	58113
19770	1134	2306	2504	36
2909	2149	3145	49740	9453
3109	16700	19	1702	6110
2809	6121	875	735	6120
6804	14720	18	580	11068
3	3742	1285	10	288
2829	24393	970	1383	25464
17967	9264	2525	37428	19971
3	27	9098	5123	1285
2658	13359	734	800	9622
4023	4020	5011	1762	2795
3905	10394	40041	17205	12427
640	1945	8034	2564	7599
3742	3	687	5549	27
636	20016	891	734	1644
11002	11252	5489	3	734
58331	1399	6235	18982	17
440	2849	3432	1204	9503
3	3742	1280	1285	698
18834	1038	1782	707	288
58385	58384	23770	58382	39124
28341	432	449	1418	8344
8	3	1285	301	10
8268	3374	3515	11370	8580
6469	2861	13359	1877	800
2427	6070	4911	17555	2302
5367	58459	58460	2525	8843
5123	8811	711	12345	3
4352	29725	2015	2028	43801
10339	5150	39202	10576	14455
14467	3350	10058	4073	1416
16	4679	3219	28341	924
56	1245	3114	192	1190
2730	6134	1588	21123	16183
58652	54252	22689	2028	54310
18	3235	593	100	924
8597	6215	5221	2106	1826
34874	16990	30678	37958	4891
1137	703	7693	750	839
34	1142	259	11717	154
1214	1135	28341	4122	4572
58739	58736	58733	11995	29731
3	27	9098	3742	746
3465	11002	9859	3460	3533
6758	1416	4010	28737	3090
3	1285	746	1280	9098
6070	2427	4874	689	5542
5434	7056	3170	3158	6832
1152	847	849	4754	5714
1383	3	14224	5549	1285
1383	5621	42	18347	14224
3000	3966	3001	1964	15793
734	9242	5105	13359	5489
1644	5489	17162	4827	6758
7260	735	7246	28285	875
7858	1550	15015	2231	11188
12381	17641	1215	7752	984
4958	1383	3	14224	3742
1407	3149	9297	12199	9312
56	1245	7379	650	3114
26917	4580	9918	54050	4587
4165	1419	12531	5085	5630
5500	54788	59047	59035	26020
114	1142	1590	7855	34
545	5515	3537	6903	20103
22247	875	735	28267	4177
14473	3221	16184	15003	2552
569	13754	8884	235	1333
1588	25703	1589	4872	7603
724	35525	40104	6105	15678
3095	2427	6070	4257	689
9891	33318	3	1280	27
2914	3273	1174	114	7855
3668	13638	12563	10625	5667
585	586	3193	3354	5105
2748	734	108	1860	3221
4190	3	3742	4010	1416
44381	59305	51865	59308	13038
11002	734	3095	5105	11252
703	1137	7693	750	839
1413	14977	5	3706	13733
597	46675	52967	52961	52960
10982	59381	37915	59385	31214
1401	24024	2732	1406	4043
1302	3150	6758	3947	1416
2526	38019	43597	14679	896
11444	12531	1391	4757	3959
31039	23589	35525	45954	23593
59523	18697	58337	18698	18736
9239	2615	15827	15833	2730
24104	10387	11948	17389	10227
298	11703	7715	574	366
1280	3742	3	698	1285
30472	6335	4446	7587	1035
1390	28341	924	16	432
7398	24893	2818	9860	11002
1212	3964	5924	949	4046
8133	47668	31100	59649	8106
14170	59693	59690	38407	37400
5591	252	775	985	4324
59711	9803	36788	59712	9806
3	5549	3742	288	4757
2302	20126	313	19799	25000
5105	734	1282	3193	13359
445	6775	2818	444	18088
59791	809	11710	5178	571
734	892	13359	1860	891
31100	3358	42229	24038	40100
703	1137	7693	750	839
34075	23737	32786	32784	23736
8582	8593	59845	44501	428
18854	59877	35808	36221	5227
3787	6011	3784	3822	1769
686	704	9365	3140	743
59925	22656	59949	47897	25322
3706	6340	510	266	47
478	3	7954	1038	977
34	259	1142	1590	2153
3095	194	4257	11252	2427
11	704	686	9365	3140
18	3235	100	924	5634
60050	60049	60054	6358	9971
3	3742	8331	746	288
2849	3432	1204	3623	10430
3235	100	28341	5634	924
445	59691	56948	9860	444
32851	2400	22176	15287	11824
42809	60122	23963	42911	60142
56	1245	246	60186	3114
24858	10058	25130	60215	60208
1416	13359	781	5489	1391
11717	34	1142	114	615
2995	13638	11196	3668	12563
3095	14775	4190	13359	4812
5003	3326	23026	3779	3981
14224	4163	19972	4005	6598
34	259	1142	1590	2153
1212	9891	5489	734	3
3	1285	8331	3742	1038
1048	1226	1849	9891	10431
5542	13359	2730	643	2434
2440	417	2900	808	9800
22256	13359	3334	1644	734
4757	4190	2427	5489	11444
3150	17	6758	684	1302
3929	2900	7186	6028	114
561	567	12051	16515	17850
734	1860	19387	7605	818
2427	643	2302	5542	4257
1137	7693	703	750	4645
10836	10837	2504	9786	1304
26212	28624	2662	6355	25390
10226	734	875	13359	735
11395	60642	34080	60636	60643
28177	530	60676	500	520
7838	233	1854	11619	18231
2853	12369	35808	5227	24409
1644	734	13359	800	6469
8602	60745	15781	35977	27731
3	13359	288	5489	1588
511	3738	12275	745	1980
54	37	10237	77	933
2911	17494	14751	22087	15727
2183	1226	1849	8352	10431
10	3	278	1280	6125
1228	34581	23958	4111	5956
11703	15803	37506	48649	270
704	686	9365	3140	9310
4190	4876	4516	4257	5489
1785	43197	60936	60938	60933
1588	5491	1589	7603	2720
679	3307	3284	735	875
2273	17162	23562	4716	283
75	28341	1135	4572	4122
25115	1697	25082	22382	4333
1297	2829	24393	970	1383
2296	2300	14697	9242	390
1881	24869	41452	13835	1880
123	10723	40988	42493	133
20016	891	13359	1644	734
642	5891	2003	11252	9891
2384	3126	25165	2278	5093
18	3235	28341	5634	100
2392	1661	1664	2456	5300
61152	43656	22755	60401	2803
61167	7954	1858	1416	14467
924	28341	4211	100	7573
734	9622	892	13359	891
3307	3284	735	6120	875
2946	16020	40557	35462	4493
34	259	1142	1590	11717
15780	3169	27197	20571	33982
3646	3686	3674	2467	6378
643	2427	6070	5542	13359
11703	298	7715	37506	574
7763	171	2924	4131	12027
5485	3095	1685	4257	4398
1137	1	7693	703	750
13618	2145	10276	3176	10625
12531	5631	6951	15544	5897
11717	154	1590	114	34
2995	13638	11196	3668	12563
28341	432	449	1418	8344
14166	12345	9685	4545	13918
14965	5526	770	1405	28086
13359	911	734	2434	892
5591	252	775	4324	4184
23551	61485	15218	38727	34639
6369	6389	9622	800	734
5542	1391	5489	13359	1416
21469	5946	5933	4876	23869
61530	61541	55457	8809	48397
43248	34310	43233	21371	21394
478	3	687	957	27
2306	10836	10837	19770	9786
523	547	6817	18526	493
191	1355	3195	13840	1641
21544	54023	54025	54016	21542
18	3235	100	924	5634
2247	9108	400	2245	9112
5489	13359	2427	6070	1416
33310	58928	50148	61719	61720
100	924	18	5634	16
61757	16372	18503	53533	37975
12525	491	9983	3168	9879
61779	39919	9239	41412	36788
3150	6758	3	3742	1302
8081	8080	8171	32209	8108
10691	23869	22352	370	4190
34348	61855	12529	61865	61849
