11	481	35	286	28	600	262	254	71	47
254	35	21	5	8	71	262	652	11	298
3090	103	212	1258	843	877	52998	35	603	17340
71	21	298	73	481	8	652	435	766	614
8	481	21	11	71	286	262	25	600	254
28	381	8477	35	1071	1799	641	592	254	50
409	298	71	652	254	59	1156	1114	21	766
8	71	11	481	600	35	254	298	435	286
5	8	21	481	11	25	35	71	286	600
581	563	1420	17899	17898	17858	352	17853	17871	381
35	121	254	117	1156	1236	591	59	652	286
237	8	11	481	608	3852	600	21	904	3911
286	21	254	11	71	5	481	262	8	652
5	481	8	17885	34357	25	11	904	26	16
1031	600	21	481	5	8	71	11	732	1324
1111	35	1156	121	1236	638	1204	242	254	843
1196	426	261	263	921	77	337	429	12029	1006
71	298	652	18975	21	1006	465	9934	262	9818
299	298	262	451	1006	77	71	337	21	429
1499	286	592	381	641	288	844	35	8477	378
286	35	254	603	11	21	641	8	71	481
1990	212	747	103	6193	3352	877	15682	4204	1985
254	21	121	286	5	11	262	8	603	71
2187	40385	25133	20511	47502	13	4258	11129	35798	31786
1	8844	28	11	1799	481	11652	21237	25968	19352
2353	286	592	55121	32796	288	9195	381	6272	22243
2447	35	121	1156	117	254	59	591	843	638
2537	44222	21	2364	600	1433	6158	53145	41859	60768
212	641	103	1420	603	337	877	39940	35	352
352	11	5	8	254	71	28	1	652	262
2543	47	11	73	5	481	8	21	25	706
254	35	21	5	71	8	429	652	1071	286
2834	8	5	481	234	904	724	11	614	600
2456	843	254	401	35	2896	59	1156	44233	1114
30	8	481	7413	3852	11	25	21	706	52
3147	286	592	381	5331	73	641	35	3130	288
1156	121	603	286	21	254	591	71	5	262
2763	21	50	71	600	52123	50137	5	38754	232
923	921	100	429	315	262	1006	766	1071	254
3320	254	171	1071	121	59	35	100	1114	59186
3541	77	3500	748	2967	58537	36729	1145	544	594
43653	6784	77	447	59809	12679	3057	426	42779	56354
238	8	481	600	21	702	11	3852	50	28
3670	1071	1114	254	121	59	100	35	11741	641
3728	8	5	234	21	904	481	25	11	600
262	298	71	1006	429	254	21	35	766	5
254	21	286	121	5	11	262	1156	8	71
3863	843	254	121	35	3090	2896	171	1114	360
1775	254	298	100	59	35	262	429	315	1156
8	11	5	234	25	481	904	600	18	21
254	59	35	21	71	286	262	5	603	11
1007	71	21	465	50	1114	652	32541	8	46693
2514	254	1114	602	298	35	1071	59	2896	1006
4380	603	35	117	121	641	254	843	1156	59
4436	652	262	71	1006	100	2818	254	429	766
4461	71	21	14	15	298	435	481	5	1433
4474	1258	30528	38094	877	178	1156	121	54142	47686
21	19506	298	652	600	481	5	262	8	1114
4637	451	27084	3623	57647	453	51408	57644	2039	1264
4771	100	254	1775	921	1114	1006	27036	262	56681
918	254	59	100	262	921	652	766	1071	35
2327	254	843	429	298	766	262	652	35	1775
21	71	5	8	11	481	600	298	262	35
5196	1156	591	121	592	117	286	2730	603	254
77	254	1006	35	71	261	3623	766	352	103
429	262	1006	652	766	315	254	71	35	261
77	451	254	261	429	262	35	1006	766	426
5482	516	8687	41693	10165	921	261	451	19901	1114
5493	563	352	1420	55	286	11	23439	5	728
481	21	600	71	298	3852	614	35	25	603
5683	47	8	5	481	11	21	600	73	3852
381	1	309	286	1799	11	614	28	352	592
3177	21	1433	71	465	600	5	298	702	8
5820	697	6331	29753	53785	5807	71	45579	48046	542
804	35	121	591	1156	254	641	1114	117	59
1873	298	652	1392	71	50109	59	1006	9177	10407
35	254	286	1156	21	121	5	603	11	71
4786	254	38239	2434	59	51560	2954	32959	60071	23614
6084	58043	103	8060	7937	212	1985	2151	582	8396
1561	542	8	43169	5	481	11	21	3911	1316
100	254	262	652	59	921	71	21	1006	429
6250	1114	254	602	59	30786	24294	35	401	1071
6274	254	59	1071	5053	30595	171	2454	1114	602
6307	8	465	5	904	234	481	21	11	50
13	11	254	21	71	8	298	5	429	35
1262	21	71	8	35	254	298	121	481	652
8	481	5	600	3814	3852	11	724	702	21
6638	71	59005	6857	21	652	298	40723	465	1433
6681	77	921	544	261	426	702	3057	429	263
3333	35	121	1156	2730	117	591	16735	638	6138
77	544	451	426	766	254	429	261	59	748
6897	35884	966	71	1323	465	1433	21	298	29415
2016	234	542	600	21	481	71	8	11	121
71	298	652	262	254	1262	35	372	44694	21
6977	103	877	843	603	35	254	286	1114	641
2444	59	171	1071	1114	121	35	1156	18164	843
7222	286	592	381	591	641	285	3206	378	35
27	5	481	11	25	21	3852	73	600	724
7330	262	1006	766	337	21	71	600	1433	3342
212	603	35	103	286	254	21	11	5	652
7391	59	254	3115	1071	10694	1114	171	60188	602
21	481	11	71	600	286	262	47	254	352
3198	602	59	35	121	254	1114	558	1071	641
7571	21	71	3079	5	600	481	3043	8	298
6286	299	18682	8681	516	13340	29964	17234	51244	57430
7655	35	121	59	603	254	1156	843	641	232
7717	24104	560	603	30551	877	212	591	57977	35
481	5	8	21	11	71	603	35	600	286
73	35	286	21	641	47	121	5	59	702
1700	3090	171	254	401	9800	843	59	35	429
6799	337	426	262	1006	254	263	77	429	315
7988	600	481	8	21	5	25	50	42594	614
3090	59	315	298	286	21	843	8	429	603
2213	28	11	714	1799	3110	8	5	698	542
8081	57198	40016	38093	32210	35939	51446	1981	40337	877
8277	32091	451	263	261	337	32072	517	32090	429
2191	4708	60131	3406	3525	59816	38590	3623	22780	27106
652	298	262	71	429	254	35	1006	766	8
3090	843	59	641	603	254	401	35	1114	2896
8440	21	600	8	5	298	71	11	13	706
286	603	352	381	35	592	877	1258	5	481
8514	100	254	262	429	35	652	8522	401	77
8588	77	426	544	121	2967	3393	261	3590	748
5	8	21	481	71	286	600	35	254	298
8727	451	8726	8233	11324	51404	44583	39043	15634	77
254	121	21	1156	603	71	5	262	11	641
35	3968	121	843	603	1156	254	2730	34238	641
8826	724	5	481	8	702	11	600	28	21
232	71	3652	435	121	35	39764	25177	59	298
3932	212	103	877	747	45589	603	2151	3352	254
8968	37039	603	55998	1258	121	286	35	49566	591
1258	401	603	843	254	3090	121	13152	1156	100
591	35	1558	1156	121	1114	16345	117	59	259
5717	8	614	3852	26	11	36397	904	702	21
376	603	641	35	613	1258	352	212	71	298
3888	103	2151	212	877	315	3090	254	843	35
9311	1420	34295	12209	55	19236	9388	34023	57454	25259
3175	748	77	7051	50884	20173	34837	44547	261	55984
9505	35	121	591	1156	40083	254	36547	58717	843
9590	254	100	602	429	652	59	315	71	262
59	254	35	21	5	71	262	429	8	286
451	262	71	254	35	263	21	77	11	8
2590	35	9967	1156	121	6268	2513	1558	591	6138
550	904	5	8	3852	481	949	11	234	21
9810	570	562	463	46416	20731	572	26072	1527	56975
254	59	35	21	286	262	429	71	11	5
352	603	613	309	1	328	563	5	11	1799
9933	298	71	1085	2292	4090	232	372	21404	73
9956	3090	843	254	35	1629	401	61717	121	59
10008	315	429	766	262	49145	261	1006	346	337
286	121	1156	262	71	8	603	641	591	652
1799	286	28	2154	11	5	48681	685	8477	35
20767	451	261	263	517	77	10142	1114	2151	748
10193	59	254	5852	100	4727	171	3115	1071	1114
1071	254	59	121	35	652	100	21	1114	71
254	100	59	262	71	35	429	921	1006	21
263	86	517	451	39426	262	3623	261	27064	766
6323	299	61111	86	33213	7598	8964	262	10502	19515
9763	693	42787	10449	27514	3134	2152	103	3090	50245
10516	315	921	1223	1006	429	254	262	59	56730
10595	262	315	652	298	766	337	360	254	71
429	262	1006	766	254	298	315	337	35	21
103	298	254	71	603	11	121	21	451	262
5391	288	592	381	23644	14515	242	596	25	41208
10726	8030	146	24716	20295	1071	25399	17327	214	591
10756	3298	641	26569	73	121	286	35	592	232
10801	41894	1	32416	381	37825	41910	352	13932	309
6075	5	8	3852	481	25	904	234	11	21
71	652	21	73	360	298	481	50	8	262
451	263	261	77	32151	86	1006	34948	315	262
57828	381	22233	52018	288	14765	3737	592	19420	37242
426	254	1006	652	100	77	1114	262	103	35
11063	603	1288	121	35	117	793	28046	2020	641
11116	8	5	234	771	21	26	706	25	11
11156	71	13	298	21	8	2578	1446	652	11
254	18170	171	2561	29768	59	20168	2987	3115	659
1223	100	1071	254	13178	1261	28506	652	921	20155
300	5	8	481	11	600	21	25	3852	71
10627	451	77	537	11453	261	263	544	426	254
877	4204	49425	103	3216	50818	37601	16948	2006	27232
11411	77	517	544	748	86	426	41088	263	451
560	603	61113	641	212	877	35	352	286	2322
286	592	309	5	35	73	21	254	59	11
1489	21	71	298	435	600	465	481	5	35
11550	121	35	117	638	591	1156	6754	1114	254
6541	286	3130	288	592	381	7711	641	18650	121
11652	28	8844	11	73	5	8	542	286	21
11702	286	381	592	641	3130	6777	31569	3298	288
11768	54530	35948	59720	562	38346	613	56960	46255	563
11823	1114	254	59	171	921	1071	100	35	1210
11877	298	71	21	652	1006	467	2961	262	766
592	1	481	35	352	381	603	641	73	121
11976	286	378	592	3130	381	41229	34461	44726	27620
286	21	5	352	8	35	1	481	71	254
8	481	21	11	600	71	298	35	286	25
8	21	71	28	35	286	1	254	603	262
12169	71	21	254	35	298	2294	2292	100	8
352	286	11	5	35	8	21	254	262	429
11336	254	45734	59	1114	171	53440	1775	35	100
12271	31195	2327	1723	51365	60367	100	254	57276	35514
12310	3693	21	5	8	481	435	26315	234	608
12333	35	259	5181	1090	835	24658	591	638	12677
261	263	451	262	254	35	21	298	71	429
1236	121	35	254	1156	286	641	591	21	71
482	15	14	298	71	652	262	50	254	273
35	59	262	21	71	298	429	652	286	11
3237	103	693	843	3134	47367	748	2151	42854	12445
5178	35	121	835	586	254	591	1156	117	259
401	3090	212	103	77	2151	254	426	1258	921
4032	21	435	5	298	8	481	71	13	11
11	352	8	262	5	1799	21	286	28	921
2233	1	21195	11	73	8	5	21	481	28
12811	263	261	451	77	766	254	1184	315	1006
4392	15	298	71	652	21	13	254	465	262
71	21	100	298	641	15	59	8	3079	273
12943	3057	447	21398	59289	3125	33691	261	214	13390
12996	77	748	451	447	426	261	537	263	693
47143	2874	212	38569	33535	44324	42483	49691	59267	18744
517	263	1006	262	451	35	261	254	21	3623
13038	376	286	603	641	13086	592	411	365	121
13122	35	586	121	591	117	401	1156	59	254
4541	254	1071	59	100	95	20157	171	6773	652
13269	603	1156	35	121	641	24438	286	638	254
2816	451	8701	5310	38590	2597	51408	263	53727	40036
13312	73	481	11	35	5	286	8	21	600
13373	58411	3393	77	3376	7133	544	3441	51407	2967
13449	563	56192	286	381	17004	56180	1527	11	273
13507	11	685	5	3852	8	31713	42094	50	19
13563	481	8	5	3079	904	47	21	50	73
35	286	71	254	481	21	11	262	877	298
9794	35	586	121	9967	117	641	956	1156	21660
435	298	21	652	25	11	600	8	481	614
13809	103	3894	35479	27559	3949	14321	31785	16465	3216
13853	2640	19582	42176	19589	877	43436	2567	15839	48516
8399	18405	706	904	5	481	8	3814	614	47
13995	8	5	234	614	904	702	3852	238	481
14022	21	1324	465	600	5	3852	2339	71	1433
11	5	35	8	481	286	71	254	47	121
1719	59	254	1071	35	2896	401	591	171	843
2037	451	31351	27084	3406	52627	3623	263	12346	453
14153	35	1156	121	586	258	23916	259	20194	591
14235	14	6327	71	5	15	21	9099	11	8
28	11	286	5	21	352	1	8	35	481
14294	298	242	481	73	71	21	232	5	5686
14329	103	212	41659	15631	20287	37708	747	2103	2108
9	5	25	8	904	481	702	11	600	21
14395	47	41597	73	8	5	21	600	71	481
6055	591	35	121	117	1156	586	254	641	18878
103	100	3090	212	1258	35	877	77	254	1006
8	11	1	481	71	254	35	286	600	28
723	702	5	8	32225	481	600	10446	724	20
4281	298	766	1006	998	262	71	254	315	37029
2498	3653	55543	214	42408	3655	77	544	9864	103
1006	451	337	71	21	11	766	429	261	315
16	5	8	481	3852	25	11	21	73	608
2661	35	121	1156	591	641	638	1236	254	1258
453	3623	2597	517	263	3406	13302	4644	748	44508
14837	451	24183	43516	2597	34092	12934	77	43521	3623
21	262	254	8	35	5	652	11	286	481
26	8	5	481	11	3852	21	702	25	71
14924	21	2488	8	5	5355	32312	4258	481	51
13432	309	20522	286	1	8	11	35	2154	21
35	121	586	36436	591	3090	117	1156	254	59
5624	71	298	652	234	966	262	254	435	732
77	451	262	254	298	261	71	35	21	5
15086	7736	17171	34587	13813	3949	37664	25631	15084	3216
15	14	13	298	2995	71	652	44782	21	1917
1317	702	542	1768	11	26923	30961	8	5	38357
1305	1258	603	35	52290	641	381	286	254	73
15275	309	1799	352	286	28	73	11	592	542
3735	8	5	481	702	25	614	11	3852	21
15338	352	614	286	2020	5473	376	1	381	603
11	8	5	481	608	28	706	21	3717	614
286	3110	28	11	59	35	8	21	481	592
481	47	50	8	5	73	600	904	234	11
1557	35	121	591	2730	1156	381	254	603	286
15564	465	21	71	2339	435	298	652	5	1433
15635	451	27071	3623	4668	748	1264	263	77	2597
697	13	1006	21	542	71	29396	15	652	1
15692	21665	212	747	5414	103	40099	24033	1979	54925
14207	103	31785	2110	2151	3216	35	262	59	3945
3090	843	254	35	59	877	286	603	435	146
293	315	254	262	921	1006	121	766	261	337
15821	35	1156	1276	121	171	254	1114	50226	1236
2370	286	381	592	641	288	3130	3304	35	121
315	602	429	55308	591	2151	77	298	254	451
481	8	21	5	542	11	25	298	71	3089
19	5	8	11	481	25	3852	21	614	47
1802	1	8	13432	27537	481	55577	904	33883	33950
16207	1156	254	121	602	652	591	429	2020	641
4051	1085	242	298	21	25	5	71	2292	73
9800	254	121	35	1156	59	3090	1006	401	286
563	286	35	641	603	11	254	8	481	28
16401	71	652	435	298	21	3115	24591	59	360
1300	13	4258	298	50	21	15014	5	8	71
3949	103	2151	212	7736	22075	693	41466	877	16486
8667	613	286	352	376	46221	288	27645	603	37856
16543	5	8	50	481	21	600	730	702	25
429	254	100	652	337	1006	262	766	35	59
28	11	1	8	5	21	2154	17442	3110	286
6135	35	121	1156	269	117	586	591	931	3174
748	77	451	21	426	263	35	103	261	1006
7843	35	35363	16774	641	121	100	286	73	254
11	5	8	21	481	71	35	286	1	600
16850	254	1071	2818	1156	59	100	55445	659	401
2570	254	3057	103	121	426	3090	3216	59	77
16882	1114	59	254	602	35	2896	843	121	1071
16904	28272	16902	5412	212	8106	8139	27227	8097	2567
5573	55	1420	563	17006	38006	52746	56149	352	603
132	35	121	1156	117	641	591	254	59	2020
556	47	5	8	11	21	481	50	600	71
5688	429	315	262	1041	766	1006	298	273	12029
17147	429	315	262	1006	766	652	921	337	254
103	21162	16465	14320	14342	31785	47211	15728	47138	22075
8	5	481	21	11	600	904	234	3911	1433
10916	451	43520	10654	3556	8701	22587	3623	51411	4717
17233	299	37939	30378	33249	42490	15335	17143	290	23531
28	11	481	5	286	8	21	352	1	71
263	86	515	451	315	18915	29806	1006	39426	429
8	11	21	481	71	35	262	286	254	600
8	481	11	21	71	600	298	35	286	1
205	877	212	35411	103	17307	17331	254	259	286
1	4360	697	11	38408	5	57733	481	43866	8
1152	517	263	451	1006	261	77	337	262	32086
3110	11	28	5	8	1799	286	481	21	1
17491	435	71	465	21	600	1433	481	5	298
17548	254	171	23878	59	1071	1114	100	360	121
17581	966	465	433	24755	21	4176	26166	71	3107
4548	591	73	259	1156	121	603	23250	641	2746
17669	57849	1943	572	1258	59041	352	372	286	61057
17700	381	592	641	54944	5331	288	15888	3298	37501
17734	16201	20761	2498	40579	52101	7383	19344	3655	459
1258	48246	603	35	73	3090	254	59	54165	843
1006	429	21	71	652	766	254	35	298	8
17843	286	603	1258	381	35	121	232	641	117
3622	261	263	451	18545	1006	429	1071	52864	262
100	254	652	262	35	21	59	71	429	766
21	8	71	11	35	481	298	600	262	652
1420	563	352	11	254	35	685	286	55	5
18005	35	254	37360	100	603	121	1258	641	3090
315	429	100	766	1006	652	298	35	21	261
381	2292	21	1156	71	254	591	298	286	8
42408	103	56954	451	49619	2797	9469	121	18093	748
7395	16201	27122	7383	20743	49644	3655	60173	49627	2498
18174	254	32562	35249	51799	59	35	48972	1156	121
392	21	71	435	8	298	600	5	73	481
49157	286	8739	8477	481	381	309	352	641	602
18304	5	481	600	8	3911	237	608	11	21
254	59	35	71	21	1006	262	429	652	286
451	262	71	263	254	21	77	35	261	429
15004	5	608	8	600	702	25	481	11	21
121	2020	1156	117	1114	8954	591	31436	259	27258
7280	35	288	641	286	1156	481	591	73	61788
381	35	641	28	3130	21	352	8	481	603
235	73	3079	21	5	3852	11	481	600	47
261	71	1006	262	35	429	21	254	298	5
1475	21	600	2339	435	5	8	481	71	11
542	1316	19999	33370	11	55459	21509	59499	8	600
1089	71	21	39732	298	652	435	966	392	44686
18636	337	429	59	262	77	263	1006	6799	254
412	1114	100	30261	7844	254	71	1262	1071	44413
6138	35	121	1156	2020	591	602	254	638	603
18773	100	254	171	921	59	315	262	56679	652
18826	2327	31195	22897	2896	315	1723	30493	35926	57276
18928	517	337	451	261	1006	86	13725	429	18915
18967	766	262	1006	315	59	298	429	652	921
19025	21	1411	465	71	27463	1433	1392	481	43153
2961	298	652	71	766	21	262	1006	35	254
286	35	352	11	254	5	8	21	381	641
15964	58313	3295	12678	3057	447	42765	3125	38702	38699
8	71	35	286	254	600	3852	28	1	766
4853	254	171	59	2491	20539	59133	32451	44001	63
254	59	35	71	21	262	652	286	1006	11
18603	1	52952	28	5	481	11	542	8	42268
19223	55	57451	563	19269	19258	19240	25289	19237	19250
19292	286	613	592	381	603	56846	35	591	121
352	286	328	28	1420	5	11	56569	35	254
1768	1316	542	11	8	481	1	21	5	28
254	35	21	5	71	8	262	652	286	1114
11	28	8	5	435	3110	21	286	13990	55417
9665	100	921	254	1006	1775	429	262	337	766
603	35	121	286	254	71	5	21	481	11
603	35	286	71	877	254	11	21	5	481
19476	41287	10875	254	1071	121	59	602	40973	117
254	59	35	71	602	21	262	286	1071	1006
19493	481	25	3852	600	47	904	21	11	702
5368	286	641	35	603	59	8	1156	381	5
121	254	21	71	5	11	8	603	1156	652
19546	13	30917	10523	25129	33089	4873	14797	21	14606
11	8	352	1799	262	286	921	298	21	28
19691	35	121	117	1156	641	242	31644	586	3298
614	8	5	481	11	600	21	3852	702	25
315	429	1006	262	766	921	254	298	337	652
19899	212	877	53491	103	1981	39608	4204	33032	39614
254	21	71	298	100	262	652	843	1006	337
463	286	254	352	603	563	59	600	103	641
19962	47	481	21	3079	5	73	11	8	600
659	59	254	35	100	171	602	1114	1071	1156
540	263	86	34949	451	3141	2597	26265	39426	517
11701	286	592	3130	2154	1799	381	641	603	5331
20105	59	254	100	1114	1775	401	843	35	3115
286	381	35	11	592	5	352	21	28	254
20153	59	254	3115	3603	23886	659	100	1071	171
20175	59	100	766	1071	171	35	1006	1114	262
1	8	5	11	21	1838	298	697	481	652
18032	1114	254	1071	59	602	35	591	121	71
35	877	71	429	652	2151	121	286	21	603
25	5	11	21	481	35	71	600	286	47
702	8	481	11	600	298	71	25	35	904
839	401	7592	262	35	59	59211	254	13368	3090
1156	121	603	298	286	21	117	8	5	481
20018	121	35	1156	591	2020	2150	13559	6123	1236
3079	21	481	5	8	73	11	71	602	254
73	11	21	71	481	8	254	286	47	352
2513	1156	121	17345	603	117	2730	641	591	59575
12369	8	5	481	25	3852	614	47	702	3079
5	8	11	21	481	71	600	286	35	3852
20590	337	261	429	262	1006	766	652	6590	4054
73	298	52	232	8	21	591	381	71	702
20644	103	15726	2151	41673	2108	13711	15098	14324	31778
397	766	298	652	262	1006	71	429	21	254
11	21	8	5	481	28	71	1799	600	3852
1	11	28	8	600	21	298	286	71	35
103	42767	19080	21576	4403	41029	315	10672	212	38561
9855	39001	9864	426	44023	9450	2498	42917	9843	42925
261	337	766	315	429	1006	298	262	921	451
103	254	35	652	71	286	429	877	21	2151
1094	254	59	3115	171	35	100	1071	652	1006
20822	600	21	481	8	5	904	29244	608	49335
20914	71	298	652	262	254	40461	21	9818	602
20964	315	921	1774	57682	3099	262	2934	614	56465
20997	6165	273	1880	4007	652	262	47252	44236	14143
21045	429	262	261	1006	100	263	15	652	1257
10534	21	71	600	435	1433	30785	49653	47	35281
2322	4477	2640	877	103	1114	121	102	117	315
381	36104	15887	288	35	592	641	34457	117	309
21174	103	21167	15183	2151	34587	2501	47094	3216	3888
21202	286	381	592	7882	34457	288	3114	5313	33199
21235	600	481	8	5	236	73	21	47	11
21294	48233	47716	36206	41272	212	877	48167	1258	693
35	381	592	5	641	21	11	352	8	254
4539	254	1114	262	315	429	426	6799	1006	32276
103	2151	35	481	429	1006	261	20759	451	71
483	21	71	298	600	481	5	8	262	465
71	21	298	652	5	8	262	11	254	481
21514	877	843	212	121	58085	173	36869	3298	1258
5	11	28	8	542	59584	71	298	600	286
9885	35	121	591	1156	586	2096	1236	1329	117
4139	21	7411	20	71	5	8	234	600	19287
21	298	262	8	5	11	652	481	254	286
8	11	21	481	286	600	35	254	262	298
21608	35	121	13167	1156	259	844	591	586	1236
21641	1165	35	8779	1156	602	117	259	51524	591
21802	35	1156	7844	600	312	50	591	47	254
298	1006	262	71	435	254	766	21	5286	4259
21868	1114	254	1775	59	1071	6357	121	22627	35
877	212	5162	2598	59829	24256	31954	44660	35543	49573
21926	309	1799	21906	22030	28	34946	11	8	2154
554	8	702	481	21	542	11	25	26	600
71	21	1156	121	603	11	262	8	1006	641
254	286	1156	121	11	71	8	591	603	262
22080	921	254	429	1071	766	261	315	1022	262
23	5	298	8	71	481	11	600	35	73
71	298	21	435	652	5	1006	242	254	35
22140	5	11	481	237	8	21	73	47	25
22176	21	465	966	435	71	1433	3153	732	8388
21	71	8	481	35	298	262	254	286	600
451	262	71	263	254	35	21	77	261	652
22238	286	35	8	47	586	54564	591	3101	5
766	429	254	652	315	71	35	298	21	261
22282	286	381	592	641	73	49007	35	288	28
6143	602	254	59	35	1114	2730	591	1156	652
6305	8	481	3852	21	300	608	724	600	11
13	21	11	71	14	8	298	254	5	429
45963	103	877	3090	603	254	337	401	121	212
19779	21	600	298	71	8	5	11	702	1433
59	401	35	100	603	2896	602	921	766	591
22529	542	1561	8	11	1316	5	3911	234	481
3127	261	315	1242	1006	3690	766	262	10551	429
5	8	71	481	35	262	600	254	298	435
7133	748	77	451	2151	1006	261	312	426	517
259	591	1156	121	602	71	286	21	298	11
22662	57468	28976	25353	6016	34232	697	542	26349	33217
121	35	1156	117	13110	259	641	586	9415	16735
3791	542	3089	8	5	21	28	11	71	481
298	71	652	21	1006	766	315	262	59	100
262	451	77	652	261	71	254	35	1006	429
3043	21	600	481	71	5	8	50	435	35
17023	102	843	3090	45992	214	42449	603	190	42451
544	77	12974	6211	2967	15955	38294	40842	38495	59859
4541	59	1071	921	171	602	8035	100	1114	49124
766	262	429	254	21	652	35	298	71	315
1094	254	59	35	3115	171	652	1071	100	262
3115	4862	254	59	1071	2439	1114	7277	121	22627
4210	286	309	288	60462	728	2154	592	381	73
451	262	77	21	254	261	71	263	35	5
5328	25	481	5	8	600	21	11	73	71
254	59	35	1071	100	21	652	429	71	262
23076	21	71	435	19849	1393	22100	39282	5	298
13	614	3079	21	3911	5	8	11	3115	14
23116	337	262	1006	766	429	14	44705	315	652
23151	3115	254	59	1071	41256	2896	25958	35	401
693	2151	77	451	254	103	71	262	35	2152
614	8	5	481	11	21	702	600	3852	25
5104	59	254	602	1114	1034	1071	766	3115	45617
23274	748	77	11453	263	451	15	1140	28181	426
1177	921	429	262	100	315	652	254	298	59
13518	372	1262	4735	254	2294	71	121	5874	298
35	286	121	603	381	254	3304	298	1156	21
340	1006	262	766	1257	9034	429	21405	652	11201
55645	286	309	73	4166	11	25	1527	3110	11461
315	429	766	1006	262	254	298	921	21	337
1262	1114	60915	21	312	50	5138	298	254	652
14	15	13	298	21	254	71	262	429	652
23572	73	586	57380	5686	121	55661	20274	481	13433
17876	35	121	1156	14115	602	591	232	586	2020
40951	53178	4210	26238	344	2505	8662	13432	55567	287
7598	299	517	451	337	15698	261	15335	2339	3090
572	286	352	603	35	877	254	298	21	71
481	21	71	286	35	298	904	254	352	262
262	1006	71	298	429	766	21	1114	254	6213
14092	426	401	3090	2896	171	1006	3057	77	214
23844	372	73	652	71	298	254	12594	33465	3676
1392	298	71	652	21	360	254	121	262	8
11615	45030	360	298	71	1114	652	9557	2294	21
7435	71	21	298	59	481	1114	4443	121	35
263	451	262	77	429	261	254	35	652	21
23965	298	71	21	27853	50680	652	481	2148	1006
23991	21	73	481	71	232	28	35	435	298
5406	286	592	381	288	378	641	25	11	2534
481	8	11	21	71	286	298	262	600	47
6505	286	3130	592	288	20046	18650	25019	11701	17914
13	429	21	262	298	652	71	11	5	1006
591	35	1156	254	298	121	71	286	603	5
51	8	5	50	600	21	481	3911	904	702
16768	262	298	766	652	1006	71	429	337	13
2038	451	3623	263	77	766	5248	429	3401	32058
24196	103	39097	13137	3894	42502	3090	2151	2874	877
3110	286	11	2154	28	5	481	1	352	8
10077	5	8	481	4655	234	600	702	45	11
5512	481	5	21	600	8	28	50	25	11
1156	35	121	254	21	591	71	286	603	481
348	254	59	35	1006	652	1094	1114	262	1071
11116	8	234	771	21	481	25	26	11	600
16228	71	1114	21	51209	465	35	254	46042	600
24503	877	212	49573	125	15891	57087	36206	4933	51034
24536	542	481	8	5	21	298	11	71	28
6535	254	3115	917	171	100	59	17558	49124	1071
298	254	71	1114	262	652	21	591	35	766
71	73	481	1156	8	21	5	298	11	35
24681	1006	262	766	337	19894	429	1257	298	24916
24716	401	877	254	3090	603	103	10735	843	315
10839	53607	37403	21	11844	5355	2339	51146	8	6022
21	71	11	600	481	435	465	298	35	47
2730	591	1156	121	641	603	71	262	21	602
24815	261	86	40696	52406	337	17864	13718	8276	3859
429	1006	652	315	921	71	298	254	100	337
21186	103	14335	15704	58341	14325	2151	212	37912	3172
8662	352	286	11	592	641	381	5	21	28
1006	766	429	337	652	315	21	921	254	71
5715	30693	429	27046	337	3127	45568	921	38212	766
4448	15	13	14803	33222	43570	41903	11161	50	14
21	5	8	71	11	35	481	298	600	286
25097	11	28	3852	3911	1799	73	5	600	8
21	5	71	8	11	481	35	298	600	262
59	35	71	262	21	652	1006	429	286	11
254	21	286	11	121	603	262	8	429	1156
8713	451	3623	10162	32136	30209	44123	2809	5248	30202
25241	9296	563	9368	1420	51651	51641	26488	1799	55
966	71	298	21	1006	652	254	600	435	35
1392	298	71	652	21	121	254	1006	262	8
15676	747	103	582	877	212	3216	254	2151	603
254	652	59	71	21	8	921	298	766	11
3225	3125	77	55146	3057	544	766	254	60589	843
25392	3090	401	254	843	1156	35	117	40644	121
23826	451	263	27799	261	3401	77	3623	23539	5316
262	766	1006	429	652	71	21	254	298	35
25500	7459	71	3290	47707	61639	22203	21114	1489	21
563	352	1420	286	11	603	641	71	5	35
298	71	652	21	262	5	35	254	8	286
1759	21	71	435	6513	5	298	8	1141	966
25600	12711	61505	44770	21	732	57994	71	15	2578
877	3352	212	103	591	35	2151	2567	42872	747
254	35	652	877	429	21	286	2151	71	59
25655	254	59	1114	171	602	1071	2561	54893	35
35	71	21	8	286	262	603	481	652	298
3610	35	591	121	956	15792	1236	641	117	586
298	71	652	1006	262	254	766	21	1114	360
18517	263	261	337	429	1006	262	652	517	86
11543	21	49111	5686	5681	227	31523	71	481	3043
25886	254	1262	71	59	360	35	21	602	100
18746	18745	103	212	42453	877	401	51479	50818	37696
14340	51928	1652	3125	8006	55158	1629	603	2200	59
352	309	11	25	8	286	35	481	1799	73
35	1156	259	286	121	591	254	21	3079	2746
26002	591	35	1156	121	33009	1558	603	2730	638
21148	286	381	592	288	641	19099	3304	352	73
26026	28	11	3110	685	706	5	1799	8	73
22138	603	46168	121	35	591	212	1156	286	3130
26070	463	30081	26077	877	39947	26104	26105	39940	572
28876	28955	28930	26178	11647	29068	13888	28322	61640	28892
286	592	35	381	21	5	352	11	254	8
7167	401	59490	3090	35	603	114	1258	254	47492
2191	451	60131	4708	3406	3525	8701	3623	22780	748
26248	28067	44811	42567	22884	22843	55535	33749	50473	51016
766	262	1006	429	652	21	254	298	71	35
254	298	71	21	652	1114	262	100	59	337
401	3090	254	171	591	843	35	30088	1700	121
8	11	481	71	600	35	262	429	298	652
26353	261	77	429	263	451	426	3057	652	254
23780	426	77	427	263	2592	254	262	544	6799
682	298	652	1006	262	71	254	766	435	21
22946	8	5	300	16	481	3852	498	25	16209
1420	563	56159	31804	26489	352	57451	5499	51652	5492
26499	71	298	21	966	23	58266	435	465	1433
71	21	298	465	59	254	600	5	11	35
26617	29940	1316	1	697	3043	11	29729	1832	40237
613	352	309	59	603	41401	286	35	728	3090
9939	2294	5980	298	652	21	7531	6759	71	1006
8207	35	121	1156	2020	602	117	591	259	1071
451	3623	77	2597	45727	45701	40036	4636	27801	263
3087	542	1316	2254	1561	435	32334	234	43978	481
47	21	481	8	11	35	286	600	71	73
8	28	352	286	481	71	35	298	262	603
11336	254	45734	53440	59	171	24718	29708	18769	5233
603	178	121	35	1156	45788	43601	286	3090	254
11	21	1	8	481	298	121	254	73	15
254	59	171	100	2818	1114	3115	3	659	602
12246	12230	877	3090	12220	103	35	10753	603	178
27017	121	35	586	1180	641	117	171	254	2162
27095	337	3127	429	921	34003	262	315	766	1006
7133	77	451	2151	261	45697	312	1006	517	263
26805	33341	77	451	14588	60153	2151	44023	748	41971
614	21	481	11	3852	600	1	702	25	73
24111	360	1114	298	71	652	254	59	481	1006
8	11	481	35	71	286	600	262	352	254
77	451	254	262	261	1006	71	35	21	263
236	5	8	481	904	11	21	702	600	465
73	5	11	21	35	8	481	286	254	47
27278	542	4042	2339	234	5	8	33364	481	21
1056	379	3079	481	25	15803	5	34598	234	47
27320	286	381	3130	592	5718	6457	24514	9195	22237
27331	171	254	401	35	59	43054	9800	1114	1156
9248	286	641	603	11224	352	586	1258	56433	591
27432	59	1071	652	121	1114	766	1156	100	298
1800	1	11	8	71	286	21	28	542	352
832	2161	35	121	117	804	5750	586	14784	1156
27536	600	381	481	904	73	11	49991	19627	5
3134	693	2151	103	41042	77	262	2152	2865	429
100	1071	1775	254	1114	35428	51527	22877	45744	18015
17469	54847	24376	31637	8	21	5	71	542	3852
27683	286	381	378	14765	592	14012	73	4443	3737
46	8	21	11	481	3852	600	25	904	71
27743	8	5	25	481	11	524	3911	3852	237
15	13	298	21	254	71	262	429	652	1006
1156	35	641	286	887	121	3298	591	603	21331
286	35	592	11	5	8	21	71	254	381
27801	3623	517	42999	5287	453	6174	2597	766	32102
261	3127	5716	429	337	1242	262	37651	41824	18651
27864	352	55227	13474	309	73	57939	592	1	57932
263	86	517	261	39426	27886	37153	315	12425	59426
27901	877	51618	35411	53881	24456	24279	56102	50846	61187
27916	298	71	652	2148	966	21	27929	435	262
27962	5	8	25	21	600	542	11	481	71
20268	298	652	254	71	5307	315	2294	1006	6951
877	603	103	35	747	254	352	286	11	5
360	254	298	71	21	35	652	1114	121	262
11974	641	121	35	592	286	381	1156	2020	21
11	286	8	5	28	481	21	35	73	1799
3373	77	263	262	426	429	766	451	652	35
747	40663	3216	59171	33028	3352	35532	25225	45959	40108
28150	337	4280	6970	42811	27052	33995	261	10551	1791
747	3216	103	212	877	3090	3352	58043	2151	10684
17206	262	1006	652	298	766	429	26190	71	1257
352	73	286	5	1	11	8	309	35	1258
28233	429	1006	766	337	262	315	254	652	59
261	451	254	652	429	71	1006	77	5	766
13738	8	5	481	11	3852	904	4443	21	25
5188	71	600	435	5	481	904	8	50	11
2732	286	381	6734	592	3130	378	288	20054	47525
766	262	1006	429	652	298	254	21	5	315
43	5	481	8	3852	25	904	21	600	706
3911	16103	5	32545	53551	21	30338	28670	542	8
1983	1981	39458	28409	613	103	877	39465	2896	603
28460	2896	254	59	1114	3115	7076	843	171	602
7987	481	600	47	8	5	21	3079	234	25
602	59	603	71	21	481	652	5	262	11
28558	1236	1156	121	35	117	254	33280	591	5330
28584	77	3057	42764	748	426	9169	33691	29845	1006
2896	843	603	121	3090	35	254	591	117	100
28672	3041	3089	71	481	22638	46001	21	298	55588
429	1006	262	766	298	261	652	71	59	921
5286	262	1006	652	298	766	71	315	429	921
28772	877	212	35411	60490	13191	33074	2843	24912	9875
71	298	21	600	59	254	11	465	8	35
5599	352	17599	286	6711	641	6683	22879	40953	5600
8	11	21	1	5	481	71	542	262	254
28876	28955	1824	28892	28930	57899	20327	1817	117	2225
21198	59	254	49782	20175	32795	1114	171	1071	659
29054	1	542	11	5	31517	697	1838	29052	8
29093	254	59	3115	171	43473	1071	1114	100	232
29135	298	71	1392	39737	54032	652	1889	21	61880
604	603	1258	35	121	843	286	641	254	1156
86	263	451	435	517	261	262	429	254	77
15540	1	13626	8844	32668	711	42280	37	29315	11652
20009	8	481	18415	5	55747	11	904	234	3852
13973	29227	13944	52908	29230	13	15	3000	14	2998
8006	2200	35	254	591	77	21	262	214	693
21	481	8	614	600	5	3852	11	71	3079
212	877	603	35	747	103	254	481	286	21
804	35	121	1114	591	117	641	254	1156	1558
5	8	21	47	600	73	3079	904	71	242
843	3090	254	1114	35	603	59	121	337	652
29564	8832	352	1	1006	286	592	481	8	35
610	259	121	117	794	1156	31436	591	2020	8371
8	5	11	21	481	71	35	286	600	262
18962	44103	1006	58149	429	337	45081	360	315	38196
7938	47	481	11	73	8	5	21	465	286
29693	352	59987	286	11	5	8	592	28	728
1835	1	40237	1817	28	11	8	5	1258	1838
4343	21	71	298	46819	73	465	32280	702	8
35	254	21	121	1156	71	8	591	603	481
10414	263	517	27713	13725	27883	509	86	59427	52410
1114	1156	7835	15386	1558	121	59395	315	843	2896
337	3125	77	27127	43660	451	254	426	6799	3298
1	28	11	5	1808	36236	1847	3110	8	7664
18218	652	372	71	5466	254	5927	6759	11337	1050
3603	59	254	1071	1114	171	100	35	3115	71
19369	600	481	8	5	904	21	702	11	234
29927	17188	171	8049	254	31190	29669	17490	1071	22797
232	21	73	481	5	71	1114	8	2292	558
30001	21805	35	21281	14627	35054	15916	591	4867	2020
558	121	35	254	843	21	1114	59	232	71
766	429	652	254	298	71	35	315	261	8
3354	35	641	1156	1258	286	254	816	29156	591
30131	602	1114	35	59	232	254	14997	3652	171
286	381	35	5	21	352	11	28	481	603
30189	286	37131	288	592	50965	11727	35391	2245	381
3487	77	261	451	3160	263	544	766	262	100
562	570	352	286	603	35	563	254	71	572
35	5	11	21	592	352	254	641	481	71
59	652	71	262	286	298	1006	21	171	5
100	254	262	35	652	71	21	429	59	8
30266	2292	25144	61873	21	71	602	13211	435	49251
298	71	21	262	652	429	35	254	8	11
30345	8	49128	21	542	5	71	30339	3852	44581
21	286	1156	5	71	121	8	603	11	262
30413	57702	254	59	35	1114	602	638	2896	591
77	261	262	21	254	263	35	11	5	429
229	8	5	481	25	11	21	904	3079	600
4766	8	600	234	481	25	11	614	50	32521
30465	43743	14792	59600	14796	25133	18794	22311	53665	33217
15258	2154	3755	11	286	28	1	73	5	3110
1097	59	254	35	1114	372	298	5	21	73
8156	17048	7726	25208	11434	212	1063	103	2322	877
30596	254	1775	59	100	401	315	921	1006	1114
8	481	11	21	25	600	286	71	35	47
30635	212	1258	562	572	56960	877	58966	747	103
420	372	360	24591	12181	312	1262	254	20929	1114
4215	261	337	41806	34362	1006	262	429	921	766
22728	641	17392	286	73	22234	121	232	35	1236
281	5	8	702	481	11	3852	26	21	25
77	254	261	71	429	35	8	1006	298	352
13742	11	5	8	28	286	21	542	352	481
9226	5	481	3852	21	614	524	16101	11	600
286	381	35	592	5	481	11	254	8	641
25245	1527	52769	286	52772	52779	23533	13436	27797	591
28	11	8	286	1799	5	481	21	1	352
23750	463	30723	286	352	572	28	34077	254	35
603	254	286	21	877	8	5	262	11	59
8908	73	50	702	5	8	47	21	43207	11
766	429	1006	652	21	8	71	254	298	5
243	25	8	481	7413	600	11	6466	608	46
23088	8	5	21	71	481	60903	600	298	11
5	8	21	481	286	35	71	254	28	600
591	35	1156	298	121	254	21	286	11	71
30496	34223	59	254	23848	3968	59876	25659	16838	255
27491	286	8477	381	352	592	309	28	603	711
3304	286	35	603	381	652	592	298	71	352
15982	542	2254	3911	21	71	1316	600	8	5
4200	1006	766	21	254	71	481	59	35	8
3718	31195	401	59235	254	1723	1006	2896	59	2327
25	8	11	21	481	600	71	286	298	254
261	27050	24823	5719	23109	429	263	262	10567	298
376	603	35	71	1114	298	641	8	352	21
451	77	262	254	21	261	71	263	652	11
8	5	21	1	481	71	35	286	298	254
904	8	5	481	11	21	71	262	652	600
5053	59	1071	171	1114	3115	35	921	100	602
31431	86	20029	261	517	28259	55043	30741	12826	451
11	21	481	702	600	71	35	1	3852	28
15	14	71	13	254	262	298	21	652	429
3635	337	429	262	1006	652	766	298	315	261
739	11	13244	5	28	702	8	481	3852	685
28	11	286	5	481	8	21	1	35	352
4937	35	1156	591	121	2730	1236	47685	641	4366
29644	600	5	47	8	21	481	11	25	71
11733	121	35	641	603	3298	378	3090	254	592
7284	35	121	591	1156	254	117	2730	641	764
28155	71	21	298	652	2339	3233	8	262	5
25	5	8	904	234	481	11	614	465	702
2370	286	592	381	641	288	3304	36083	3130	35
28193	481	702	73	5	48	11	600	3852	8
12659	603	35	641	15846	1258	376	254	877	59
14208	103	212	3944	7736	46556	15007	47560	2151	877
3652	59	435	35	254	71	1006	21	262	232
31815	1420	31804	55	352	33122	53890	9307	641	34020
5940	100	254	59	23199	1114	1775	171	766	315
30511	14	15	1006	273	262	71	298	732	21
8	5	71	481	298	35	254	286	262	435
10086	254	3106	59	3117	654	171	1071	24051	11167
212	877	4204	24951	40136	5168	24275	103	22132	51616
360	232	3694	22804	254	12181	71	1050	40215	121
77	451	261	544	429	100	921	652	1006	426
14862	27767	11541	11418	614	11	8	298	21	1
11	8	5	481	706	28	3079	614	3852	73
286	641	13455	381	603	18684	23925	16595	288	31965
18230	641	286	35	50	1156	844	381	591	73
337	261	429	315	766	254	262	298	50941	77
286	309	592	121	73	381	59	8	641	262
4928	602	254	1114	59	35	171	843	638	2746
263	261	429	748	262	32116	315	8277	57159	337
11	8	21	542	481	1316	1	3852	71	35
19777	481	21	600	11	234	71	542	298	652
46	5	8	11	21	481	3852	600	904	71
381	286	592	35	481	641	21	5	11	71
32220	47	8	7438	724	5	73	47181	600	481
19	3852	481	702	11	21	600	28	298	50
429	766	315	1006	262	652	298	32261	921	1022
8	21	11	481	600	35	286	71	254	262
28	286	3110	11	5	8	59	1799	21	481
2101	35	121	1156	591	254	59	286	592	603
32332	13	39980	24169	11164	22647	53842	53827	15	28277
32391	352	309	286	728	288	11	121	481	5090
32411	32413	352	11672	25583	2223	921	600	46761	73
28334	286	288	592	381	641	35	8	21	5
2549	21	23995	5	8	3079	600	71	435	524
22408	1156	121	12314	1864	117	31816	591	1670	2020
32628	254	1006	429	77	59	315	262	426	261
21	5	8	481	71	35	11	600	298	262
32663	71	1275	298	21	58183	360	25607	47	8
15181	121	35	100	21	8	254	591	71	1156
917	254	59	100	171	71	35	426	1006	652
3852	481	8	21	71	35	600	286	298	47
21	5	71	8	11	481	35	262	254	600
1732	481	5	8	3852	501	600	702	234	11
582	747	212	877	103	352	262	71	286	298
2513	35	1156	121	17345	603	591	2730	1204	9924
13762	262	652	15	71	21	14	298	766	429
212	877	603	747	103	21	254	286	11	71
11	481	21	25	35	286	600	71	352	28
33096	71	435	21	298	234	8	652	481	1433
1114	254	35	59	71	298	21	286	262	1006
563	352	286	603	21	8	59	71	5	11
5906	298	71	652	1392	21	2961	1433	387	262
33210	429	1006	315	337	39003	262	26273	766	3127
11	481	3852	71	904	766	35	298	600	25
10592	262	766	1006	429	315	652	298	71	14
6981	921	315	59	429	1006	254	262	1775	10489
33314	262	1006	766	429	315	49926	346	24863	54884
1223	254	100	59	262	21	71	35	429	1006
33360	50	1114	71	21	1433	5	8	11	28662
3911	5	8	11	481	21	71	542	904	35
12061	600	71	5	732	481	435	8	47	1324
232	35	71	50	21	121	254	73	286	59
2874	103	3090	212	877	254	121	35	1114	921
940	11	8	5	21	2254	28	1	600	481
4176	21	298	652	481	465	435	766	8	5
2660	254	20539	59	2491	22627	3115	1114	312	1071
352	286	11	5	254	8	21	71	1	481
1420	286	55	11	35	603	641	254	21	298
4890	592	3130	288	2154	641	5718	20046	35	11
588	121	1558	641	591	254	117	843	286	35879
33630	11	5	21	542	71	73	13	9775	254
768	5	8	19	3852	481	25	11	21	600
8	481	600	286	71	35	254	262	47	298
12020	481	5	8	38107	608	600	736	37213	25
5391	286	592	288	381	23644	242	3130	35	309
33760	100	59	254	1223	1071	2896	56679	1260	71
1006	71	652	429	21	766	35	298	254	8
21	11	481	25	254	262	600	352	298	652
1373	262	1006	766	19060	429	315	652	435	337
3090	254	35	21	121	603	286	262	641	429
121	35	1558	1156	117	586	46805	591	843	11725
4258	11	8	5	21	28	600	481	1799	3852
262	766	1006	254	298	21	337	8	11	263
286	381	592	35	5	21	11	481	352	8
381	11	21	8	254	603	481	1	262	298
34094	21	8	5	71	481	3852	25	904	702
229	481	21	11	25	3079	47	904	3852	600
35	121	254	21	603	591	286	1156	5	8
34130	3089	542	13	11	5	21	24545	8	481
286	35097	1	28	56161	16992	48969	38460	103	563
13448	563	56192	1527	28201	34193	34179	56147	352	45365
792	35	121	1156	117	591	586	1236	254	603
2730	35	1156	591	121	254	71	603	21	286
34271	315	429	262	766	337	1181	1006	33517	86
11	5	8	21	481	286	35	1	28	71
21	71	8	11	481	600	35	298	254	262
34300	315	254	1006	61603	921	766	171	652	61701
5249	2597	77	3623	748	45727	10432	18967	27071	4601
3415	2151	11666	21577	38700	19080	103	61434	42828	747
17114	337	261	53671	1006	429	25068	262	6799	254
34340	40885	3968	17342	13132	1558	35	2896	4341	843
254	35	59	71	21	262	286	5	652	8
25024	352	613	1114	25002	286	15337	381	19650	950
77	263	451	254	1268	2967	429	35	2151	103
34397	103	3216	8089	34587	61353	25199	14321	7762	2151
11	481	35	71	254	47	298	25	600	28
352	1420	328	286	56569	28	435	25557	55	39175
71	11	35	481	262	254	435	600	298	1006
34451	352	563	641	35	1258	381	26674	8	11
717	15	14	37510	298	1433	32002	71	435	766
34505	652	298	262	429	360	1006	71	21	59
35	254	21	121	1156	11	71	603	5	8
3090	1775	843	254	35	73	426	429	59	1156
429	71	298	254	21	766	11	286	481	103
4333	766	1006	262	315	429	921	298	652	19060
34629	481	50	8	5	702	20	21	3079	600
34636	542	4258	1425	11	8	21	15997	481	5
254	35	877	2151	652	71	21	262	286	77
28140	48234	3216	12873	34683	8634	103	14573	12332	56236
8908	73	5	8	702	43207	21	481	11	50
10697	13	22316	22558	15	14	2339	71	49889	652
121	1114	1236	591	254	1558	592	286	641	25343
1006	262	429	652	254	298	35	21	8	481
34804	254	315	100	921	1775	59	31841	2818	401
7169	9452	77	7062	451	32996	14171	544	261	315
11	286	5	1	21	8	35	481	352	71
103	77	426	35	451	3057	3090	1006	71	6418
34880	1316	2254	15568	11	8	5618	46459	25422	542
603	7327	49590	35	1156	121	3090	3130	843	286
7549	21	702	3298	1156	5	121	71	232	8
263	451	77	262	261	254	429	1006	86	652
1	28	11	25767	5	8	21	4980	59	286
11502	21	71	298	5	8	232	481	73	254
8453	1258	603	45336	51936	15836	35	44047	45789	3130
242	21	35	298	8	11	286	71	381	652
3304	641	286	35	603	381	3298	652	121	254
71	21	298	435	5	40424	73	600	254	966
904	5	8	11	481	21	71	600	3852	25
20739	11	28	5	4258	1	8	49854	3852	73
16771	35	1236	121	117	586	1276	1156	591	254
35	21	254	71	286	121	5	603	8	11
574	435	71	21	465	298	600	5	1085	8
2159	121	35	1156	591	1236	602	2020	117	259
254	262	35	652	71	59	21	921	429	1006
35279	13	8	5	542	21	11	14	298	71
13432	352	309	20522	1	286	11	8	73	35
26481	25364	11	47	73	481	50	8	5	21
5	481	21	11	600	25	71	35	286	254
1097	254	59	35	298	1114	5	602	21	262
3041	21	8	71	5	13	11	262	298	254
103	212	2151	747	3216	3090	766	298	35479	693
652	71	1006	21	766	360	262	435	481	429
3852	8	5	481	11	21	71	35	28	600
35449	298	71	1114	652	1392	766	2961	121	262
31925	59	1071	2450	171	918	1094	54986	2454	14049
580	103	212	747	12332	77	877	603	2151	286
18026	45744	602	59	426	337	921	254	1006	429
14	15	13	21	71	429	254	262	652	298
35524	3352	3216	42233	103	747	212	843	1114	877
2533	600	21	5	50	8	904	13216	71	481
28482	481	21	50	8	73	5	3079	600	9027
682	298	652	1006	262	71	254	21	766	435
35648	103	693	3134	32118	42787	2151	44144	2152	12506
8070	8	21	5	25	542	702	71	298	11
2516	35	121	46079	52877	36439	13129	591	1236	14298
18652	261	30729	766	1006	1022	429	254	337	444
35726	3125	44740	426	77	3295	3297	47313	36429	33772
33257	3127	261	766	429	315	262	921	15761	1006
21	542	481	8	435	71	5	600	11	3911
232	71	35	21	121	254	298	59	5	481
1115	71	21	600	232	481	254	8	35	11
544	77	451	254	71	652	261	429	262	35
5050	8	904	5	702	481	600	11	614	5373
1071	59	254	1262	35	171	100	659	1775	2814
4537	3655	43250	43258	40841	27114	21372	30430	77	56358
995	100	921	429	254	337	315	652	1006	1071
12459	262	1006	23423	315	429	298	20842	652	24936
9863	426	77	1006	544	748	451	315	261	59
1006	429	262	766	315	337	1257	652	100	2975
8	21	11	481	600	35	286	71	25	298
8	5	71	11	35	600	298	262	481	254
546	451	46215	5395	2809	3477	11453	14788	30742	60332
8666	286	592	352	381	641	8	5	603	11
979	652	1006	262	766	254	602	59	429	21
36072	381	11	5	8	73	481	21	288	298
1156	35	121	254	591	286	21	603	5	71
17569	352	40928	17604	14981	17597	728	31365	288	16408
481	11	600	71	25	28	286	35	47	3852
262	429	766	652	71	21	254	298	35	5
41	5	8	3852	614	481	600	702	11	18
28022	103	693	212	7736	2151	3216	77	843	877
11	8	5	481	21	28	35	71	286	1
71	21	435	8	25	5	298	652	481	59
36275	36784	61057	10476	58128	36347	61059	1258	36282	352
376	603	286	35	71	641	21	298	262	381
290	451	1006	299	261	262	77	21	298	71
36331	286	378	73	592	2154	35	381	288	641
299	262	298	451	1006	429	290	254	71	21
1393	21	71	652	234	600	8	5	481	298
401	254	3090	35	59	843	315	766	21	429
592	11	352	21	381	71	8	603	481	298
24338	254	1006	298	232	59	35	3652	242	21
36462	286	592	381	3130	288	641	35	309	378
352	286	11	35	5	1	21	8	298	71
15808	3090	843	35	121	254	1156	603	59	591
254	59	35	71	21	286	429	652	298	262
36599	71	298	652	11	3041	29271	21	5	273
30582	600	5	21	481	8	25	11	232	73
36645	71	435	21	298	4176	465	5	732	2292
5	8	11	21	481	71	25	600	35	286
22940	286	641	49589	592	121	2154	381	288	57597
36716	21120	2730	52300	25633	32498	1288	641	956	23042
36734	263	517	86	451	27888	261	32133	337	58132
21	8	71	5	35	481	254	262	298	286
16483	103	7736	15114	102	52531	15083	2151	18771	5232
2254	11	1316	8	542	21	5	481	600	28
35	254	286	21	71	603	8	1156	11	591
8950	877	212	50847	178	603	747	35	401	2323
1	11	8	481	5	28	1799	21	641	706
5	8	11	21	481	71	286	35	600	298
8	5	21	481	11	706	904	2339	600	542
641	286	381	603	3304	49078	591	254	26570	1236
6138	35	121	1156	591	2020	602	603	254	21
12220	59	103	3090	35	254	77	1258	603	693
8671	381	288	592	13186	2245	28334	41208	23896	3304
1838	1	8	5	352	11	28	21	298	58751
15237	1258	603	2544	49599	35	58207	18776	641	32212
2154	11	286	35	21	1	352	28	481	8
5	11	21	481	71	35	600	286	25	1
12122	641	1236	3298	7255	586	3304	6083	54588	50
242	35	21	298	5	8	652	71	11	254
451	262	254	71	77	21	263	261	35	11
73	48980	600	481	14651	3079	21	5	312	47
29207	11	5	8	481	706	25	12063	3852	904
381	641	286	73	3298	259	3304	121	591	600
254	121	71	286	1156	11	603	8	262	481
843	603	3090	121	59	254	1258	45299	641	73
1406	21	435	71	465	732	600	8	5	4987
14556	352	58142	28	286	309	728	32380	121	3110
254	59	35	21	71	262	11	286	5	8
2356	254	59	35	121	602	1071	1114	652	1006
237	5	8	11	481	21	25	3852	600	28
426	337	261	1114	1006	262	77	51011	2785	19110
37554	3216	12859	12863	44725	56241	12332	3215	12862	34683
1210	59	254	100	602	1071	429	35	652	262
381	288	592	22187	36406	3130	40207	37492	36075	55128
877	103	4933	603	59	254	35	60693	31954	843
8729	35	1156	117	591	9821	45657	1071	2730	14399
570	463	286	563	254	352	603	35	103	59
582	25223	59641	8060	15676	6084	212	40065	59639	23610
37658	8	5	904	25	481	234	21	11	608
3057	103	254	77	3295	426	71	429	451	766
6419	3125	77	15707	55146	3146	3090	254	25935	298
3949	7736	2151	212	17013	22075	16486	41466	17171	693
2182	21	465	1324	71	600	435	48933	6513	49185
6129	641	286	3298	1236	35	24570	288	592	32741
451	2151	36656	77	748	61159	61144	537	261	591
877	212	603	35	103	254	286	71	262	5
10868	8	685	600	481	47	11632	21	28	71
5669	50	21	23	73	5	51610	481	8	600
77	262	1006	451	429	59	261	71	21	263
12078	5	904	8	702	52	481	25	11	8825
37834	603	35	641	1156	286	121	254	59	3304
5	8	21	11	481	35	71	286	254	1
259	121	591	117	1156	2730	1090	1558	1091	3115
37939	299	290	8687	13	8964	10298	42282	516	298
254	298	121	35	71	21	312	1114	1262	360
37966	641	603	3130	286	35	592	481	7632	27163
3373	77	426	263	262	429	451	8	35	261
37991	921	59	100	171	2434	1071	222	3115	843
12583	35	1156	121	1236	591	12302	61772	51379	792
9877	16915	16933	325	16969	352	39679	4443	1258	16914
877	103	603	766	2151	21	11	71	481	652
877	103	7720	212	121	3090	46646	35	603	254
38097	1420	563	55	51637	19237	26488	32722	9379	56563
25465	451	337	262	261	71	299	1006	263	1114
5	8	481	21	11	25	71	600	35	262
25081	614	5	706	8	1799	3911	481	45850	14217
14789	40006	22717	13	4873	542	32238	21	262	1768
1156	35	121	591	286	254	21	71	5	11
483	435	21	71	465	298	481	5	8	262
77	517	262	766	35	1006	1775	429	426	34278
38230	261	86	1181	429	28252	10416	18654	1196	171
26466	121	117	591	2020	1156	35663	254	603	73
21	600	5	8	71	11	481	35	298	262
121	71	286	1156	21	603	298	5	262	481
286	381	592	28334	288	27621	35	22187	121	3304
38414	29058	11	1	29045	5	28964	8	21	73
26403	5	481	8	1411	600	1366	25	11	21
10214	100	59	254	51549	652	60756	1114	1223	429
429	71	298	263	8	254	451	77	766	652
544	263	27719	77	10395	11255	1269	426	451	11242
2327	262	298	766	429	652	603	35	1006	59
286	381	592	641	2154	47	603	73	309	481
38564	2151	103	11666	41187	3125	59	27134	45651	21578
31860	1085	71	21	298	61703	435	35	2292	100
6825	263	77	261	451	11453	544	35892	429	262
38605	100	921	254	426	429	3115	315	766	652
23765	652	298	766	262	1006	21	71	59	254
19	11	5	8	28	25	237	481	685	3852
25799	71	5	600	481	298	47	73	3852	11
2151	103	254	35	298	71	451	21	262	11
19777	8	21	5	600	481	234	11	71	1156
38752	286	381	592	641	18684	35	603	73	22282
2151	214	77	263	693	46180	921	748	38996	27135
169	254	59	1071	71	1114	171	3115	35	1156
11	481	9376	73	5	8	11632	600	3852	234
3062	5935	32639	1723	16565	57675	16575	2356	21370	254
652	262	71	298	429	766	254	21	1006	8
21907	8348	4258	28	6647	11	35124	8	1433	21431
38919	71	21	435	600	298	2339	5	1433	481
35	103	286	21	11	298	481	5	71	352
1210	59	254	602	100	652	35	429	71	262
4841	641	35	286	592	435	591	381	3130	4340
9426	38995	42934	12445	34889	459	14598	14588	42408	44016
39019	254	3115	59	171	48940	1114	100	602	1060
866	35	117	121	1156	591	57750	586	254	242
254	35	429	877	21	71	652	603	286	262
21	5	8	481	11	71	286	35	28	254
59	602	2954	29085	1114	6939	171	652	35	1210
4928	602	254	59	35	1114	1071	171	1006	121
35	286	254	121	591	603	71	21	1156	8
481	8	5	11	21	600	71	35	286	298
1799	28	11	286	8	5	352	71	21	481
35	121	591	1156	586	1236	2730	50648	117	259
17552	2020	121	117	586	23916	591	259	7603	1156
465	298	13	1006	71	262	21	34105	8	652
39221	35	121	1156	117	591	1114	835	1085	24837
298	71	21	766	262	35	1006	254	8	5
22	47	21	3079	481	5	8	71	73	435
1006	299	261	451	21	298	262	71	77	254
73	3079	600	481	11	48483	8	3852	71	47
1218	254	59	1071	1094	3115	35	2294	22344	121
3298	641	35	286	603	121	381	3304	298	254
5	8	481	21	11	71	35	25	286	262
28	11	286	5	8	21	1	481	35	352
39391	121	54698	1156	117	1236	2020	638	591	59
286	381	35	592	5	21	11	254	603	8
5	8	21	11	481	35	286	71	702	298
39508	21	15908	3082	71	904	53147	6394	1401	8
11	28	286	352	5	8	21	71	35	481
768	5	8	3852	19	11	21	702	614	481
77	748	254	453	429	337	261	652	71	21
5646	71	298	21	1275	465	652	766	435	22100
33240	652	262	298	1006	71	24674	1257	429	21
39581	212	877	47686	60692	28023	10327	11428	24524	10353
950	352	309	11	8	5	286	298	35	17737
39696	55298	254	59	1114	401	46020	35	2020	121
10234	21	435	71	1433	73	47	8	600	298
23	21	5	71	8	298	481	600	11	435
46952	14779	31786	28906	25129	11130	26349	32240	2170	28976
8476	381	286	592	49442	3130	641	53650	887	603
1649	15864	2614	47972	2657	2896	40409	843	614	3155
592	35	3130	28	21	352	11	5	481	429
10827	542	26019	11534	3911	1114	298	7859	37411	5
39856	21	3814	71	600	8	5	298	766	360
39882	35	259	59	73	117	121	1156	591	3298
254	59	35	21	71	262	286	652	5	1071
39925	2567	29105	8105	45044	2649	15889	2562	1981	50040
4086	21	600	2339	5	435	465	298	71	2488
261	77	1145	50906	263	544	35820	10410	12350	1269
15863	3130	286	592	381	288	40151	378	6498	53172
38236	261	337	263	1006	27048	429	262	426	652
3602	71	21	5	8	298	262	59	11	542
40110	71	21	298	481	8	5	262	652	465
40131	212	877	49425	603	103	4204	40129	8890	35
21	8	5	71	481	600	11	47	232	2488
40182	2294	61507	23523	14357	46040	372	6972	71	47707
16190	286	592	288	381	41208	3130	6498	596	46450
254	21	71	5	121	603	481	8	1156	262
3090	254	35	121	103	21	603	59	5	8
40267	45960	59	877	14050	641	401	40254	24438	56117
328	352	14969	286	5	11	8	1	35	1527
8	11	286	35	71	254	262	298	352	1
403	254	71	360	298	652	121	100	21	35
14	15	13	429	21	254	652	262	298	71
24761	100	254	1114	2896	766	591	298	59	921
14548	1	28	11	435	352	21	55804	481	286
40390	3216	56241	580	61334	17056	48629	212	2151	103
465	21	71	5	11	8	481	298	435	254
254	21	71	35	261	5	263	8	652	11
8687	299	298	261	652	451	706	254	1006	77
1114	254	59	35	71	602	298	21	641	262
23104	5	8	600	29813	71	298	966	481	3911
40475	1700	254	1775	100	921	315	3298	262	1114
846	603	35	1258	286	254	641	29156	12754	52290
121	35	1156	254	117	286	603	71	21	591
18333	286	381	17578	36477	592	360	19650	35	3298
721	8	5	481	3852	706	904	11	300	73
40593	1114	59	1071	602	1297	9471	9676	49431	35
254	21	603	286	71	1156	121	5	8	11
32131	481	5	8	50567	300	702	11	26	3852
1321	702	8	50	20	904	481	25	11	600
59	21	262	1006	286	429	11	1114	71	298
9244	603	381	9116	376	42150	286	591	121	117
21	8	71	11	35	481	600	254	262	1006
35622	11	8	5	3852	600	47	904	21	28
15490	21	702	600	16101	5	8	2339	238	298
669	35	121	38645	591	117	132	1156	956	23916
3265	1433	71	21	298	481	73	5	8	11
479	693	459	60168	60157	43220	447	6388	43253	2151
40870	1006	429	766	262	652	337	315	15525	3127
702	8	5	21	44664	652	71	262	481	14
19026	71	48493	298	21	2181	23056	50	435	4550
40946	2154	286	592	3130	728	381	8662	376	613
5	11	21	481	8	35	47	71	254	298
40962	19509	32086	3477	263	34887	32096	41834	32124	337
15376	2294	71	298	40461	254	435	21	2292	3079
8	5	481	21	11	600	35	286	71	47
212	40612	877	3352	37601	56880	22132	24972	103	60957
41014	2152	103	693	46435	29677	77	426	20744	261
9728	103	50560	41011	12508	49733	693	46261	50240	41037
35	5	352	21	11	381	71	603	254	592
6146	5	8	600	300	481	25	21	234	50565
2151	103	1258	35	1114	3090	843	337	121	21
24325	877	212	603	48959	35411	50846	7013	103	32501
2154	11	28	706	8	352	35	5	52006	28107
3736	8	5	702	25	481	21	3852	11	904
41168	352	33566	1	16992	28	14947	56623	286	1527
315	921	3127	254	57652	50946	1022	45641	429	1775
2896	35	254	121	843	298	401	1156	3090	591
286	592	35	381	5	11	641	21	352	254
73	5	21	685	481	47	59543	4344	11	35
50	21	5	481	8	71	11	298	73	35
2327	254	843	100	766	298	262	429	652	35
1558	121	591	1156	603	286	254	21	8	59
744	8	13738	685	5	25	3702	49444	28	481
41300	748	77	451	544	263	60322	426	254	3623
23958	517	263	451	14282	86	56513	261	58132	17162
28	1	73	11	288	8	5	563	56581	592
41377	1420	29808	51637	54641	9296	55	9326	19845	51652
26087	46149	463	26104	212	56939	39931	572	19668	46142
744	11	8	41130	5	4044	3702	481	28	685
286	877	352	603	35	254	591	21	103	652
41443	426	77	766	30524	33722	921	263	254	58307
20634	103	15007	14344	16486	15704	13711	61345	47232	7736
766	262	652	429	254	298	71	315	481	11
38281	121	35	638	117	232	1156	586	51676	591
5	8	11	21	481	71	35	298	25	286
352	5	21	11	254	8	381	481	71	298
4258	11	8	234	2339	21	481	47	3852	3911
8820	5	8	481	11	904	21	25	608	3852
41636	11	8	706	5	481	702	904	21	3717
5	481	21	71	35	298	286	600	429	254
1906	103	35412	36190	16494	22075	3947	15114	12317	15726
15024	34636	11	1425	25	5	24557	44992	28382	8
41772	613	36796	352	641	5473	43432	46252	37857	603
41797	298	262	766	71	254	1006	600	429	21
2213	28	714	11	3110	8	1799	481	1	542
5	8	28	21	286	481	71	35	352	603
1799	38464	28	3110	36368	11	743	8	47	481
429	1006	3127	262	337	261	315	766	921	77
337	262	1006	429	71	652	315	261	254	766
41968	9846	44023	56343	41948	748	19530	26798	34314	9847
352	328	57464	1	71	11	877	31252	56573	603
22075	34587	15081	7736	877	3949	15095	34117	212	592
286	35	592	5	11	21	381	71	254	8
1006	262	766	429	21	254	652	35	298	71
7156	435	71	21	298	73	481	121	232	2292
33852	35	1156	121	603	844	2150	641	1558	2730
42051	652	298	71	766	998	262	1006	21	337
42058	71	298	21	652	966	59005	3266	600	5
5	8	11	481	21	600	71	286	35	25
42104	13	54023	71	299	53242	21	11	15	8
42114	5	8	21	600	11	234	481	71	542
2322	381	376	641	603	1156	877	35	21	212
286	381	592	52018	596	3101	641	3130	35	54242
59	35	21	71	652	262	298	1156	5	11
3206	592	381	641	35	288	8	11	352	1114
2254	1316	11	8	5	21	481	542	71	26208
2967	77	544	451	263	429	254	59	766	103
121	254	1156	286	21	71	5	591	8	11
42212	3295	447	11009	3057	42804	13304	42052	12474	12678
212	877	103	603	2151	1258	843	1114	121	481
21	5	600	8	71	11	481	47	435	298
3694	71	298	21	652	254	1006	35	337	47
8721	451	3623	30209	32360	27069	50643	3478	17186	3477
254	5	11	1156	121	262	71	8	298	603
42284	1114	59	11301	254	602	401	59905	19877	1156
315	429	262	766	1006	401	254	337	921	1257
8	36934	24230	25	600	5	21	614	465	47
4420	100	921	1071	12824	254	652	36573	262	29221
39672	328	352	10221	1527	14969	45365	286	56737	56128
17786	2746	35	259	2896	641	59	381	121	602
42417	9421	77	9436	51996	451	544	9449	34828	7133
4399	35	121	1156	591	3298	843	641	254	6059
42502	102	14050	9747	3348	103	254	3090	214	17042
10158	21	5	465	71	8	600	11	298	706
8353	8	5	481	11	904	600	21	31724	71
26	25	481	11	21	614	702	3852	52	542
42553	426	447	59	1656	3057	43939	2570	12474	12510
14	71	254	262	652	21	315	298	1006	11
6251	11	5	8	36140	481	3852	73	3079	600
257	121	2020	1156	117	21109	591	1114	641	43705
35	254	286	1156	121	71	21	11	603	8
42634	71	3628	435	7569	298	5646	1326	56479	484
10224	641	121	35	3298	286	586	3090	117	21717
262	766	71	429	652	21	254	35	298	8
121	35	602	59	638	71	117	262	8	298
2500	103	2151	693	9778	12467	451	77	263	33864
77	451	103	254	71	35	262	21	11	603
42235	25623	212	46270	3352	25612	46280	49037	46267	38048
8	11	21	600	35	71	286	298	254	262
42937	3295	77	748	426	42914	447	544	55307	42727
5	8	11	21	71	600	286	262	254	25
6133	35	1156	121	1236	117	591	232	254	286
42980	1114	254	2896	11932	602	51793	1723	59	35
42985	1	11	25085	28	1846	1799	8	36878	17352
14396	5	3852	25	481	614	702	11	21	706
435	21	71	5	481	8	298	11	262	35
6379	1262	360	100	71	59	652	254	403	21
20449	171	59	1071	1114	602	3115	85	843	35
1264	451	3623	748	3406	263	22784	3462	52627	57169
55984	77	7084	451	27757	537	40403	51397	14089	12968
3516	3295	3508	447	6784	6419	3515	42052	52834	748
5973	3125	77	426	2570	254	40673	3090	59	103
8993	2195	53621	8687	8964	516	18546	8432	290	517
242	35	298	21	5	47	71	254	481	8
299	451	262	298	766	1006	261	21	517	77
3655	537	18093	2151	30430	19545	56343	77	1156	56372
43212	21	8	71	481	5	11	50	52	435
30430	3655	49638	77	2151	21400	38991	3653	43269	43268
14533	2294	8862	71	33344	1085	22401	232	21	25020
603	286	381	352	35	1258	877	55	641	121
21	71	8	5	11	481	254	298	286	600
121	35	1156	254	591	286	603	21	71	641
9581	59	254	100	1775	602	35	298	315	429
451	261	32091	263	517	77	337	429	262	121
43527	29156	286	641	26063	59316	603	288	58897	121
30	8	5	481	600	7413	11	706	25	614
13	60531	4448	3852	14797	6016	47504	15	39984	43570
22	47	21	3079	481	8	5	71	435	73
254	1071	71	21	171	652	262	602	8	286
35	121	254	1156	286	591	71	5	8	11
608	25	600	234	481	21	11	1382	614	904
21939	26125	592	435	2321	45210	60796	49819	2301	286
43653	447	77	35724	42779	3090	254	42786	103	426
43707	1258	603	254	401	286	121	3090	53850	1156
13984	21	71	337	35	254	262	11	5	1006
43739	381	288	592	3130	2154	35	6093	641	603
2434	254	59	1071	121	171	35	117	3115	315
25228	35	121	586	15459	16632	591	15012	1156	117
59	262	21	71	286	1006	5	652	766	429
2491	254	1114	59	171	100	591	43449	35	1071
24499	254	1071	59	100	1262	1114	40588	35	71
4176	71	21	298	652	465	481	766	435	8
517	1006	263	261	451	262	298	254	35	3623
5218	61392	121	117	591	1156	638	38112	2020	30702
43957	426	53534	77	28613	54422	1006	59	5335	3295
10837	11	28	481	1799	600	5	2154	234	8
1257	262	766	1006	429	652	315	298	254	21
44020	19549	9451	22967	9430	693	2151	9846	2807	42408
35	121	1156	591	59	254	1558	602	586	843
59	254	171	100	1071	1114	35	262	921	360
517	263	1006	451	262	35	298	3623	429	261
14279	1006	262	766	429	315	298	71	652	921
44113	1071	602	59	35	121	652	71	100	298
12942	451	263	3623	315	77	51773	50563	60637	3459
8422	426	27562	103	693	37619	9769	8405	1071	748
103	298	254	35	71	451	603	429	262	286
11	8	286	21	352	35	28	71	481	262
44172	35	1156	121	591	61119	804	41074	4927	59
614	8	5	481	21	11	25	600	3852	1
19473	59	254	1114	35	602	1071	1156	298	232
6282	254	602	3115	2896	35	1071	121	259	1156
285	286	381	592	35	121	481	5	603	600
77	429	262	35	451	1006	59	71	103	263
4340	586	35	286	121	1156	1071	592	603	3628
592	11748	381	36381	51877	378	288	18568	641	1799
766	429	337	315	262	1006	261	921	10608	298
35	121	591	1156	2896	603	1114	878	7835	2020
7425	298	71	652	21	262	481	766	1006	435
32786	5	8	481	904	234	11	3852	21	22303
44387	121	35	1156	1558	1236	591	60914	18802	132
1567	5	481	11	26	3852	21	702	300	16209
44442	71	298	5839	21	360	54878	1140	652	21230
429	315	262	766	337	921	1006	261	298	254
21	481	8	5	465	904	435	71	11	234
8504	3115	254	59	602	3353	1114	52706	4880	32959
3713	8	5	481	904	11	3852	25	237	238
71	21	298	435	652	600	5	254	481	11
44519	261	337	32089	299	86	921	517	3127	429
41088	77	748	2967	451	426	254	1006	544	263
26752	3090	401	3941	603	35	59	254	1114	315
16216	592	352	572	286	36266	3130	4190	50944	16717
4259	652	1006	998	298	71	262	254	766	315
747	603	103	254	286	21	298	11	71	352
10684	747	3216	2151	103	3352	7762	224	877	40090
3127	337	429	261	1006	315	262	921	298	254
51	8	5	50	600	21	11	481	702	71
38073	263	261	86	77	451	517	539	748	262
5	8	21	71	481	35	286	254	28	1
8070	21	298	13231	45018	25	71	11	706	8449
3973	5	11	8	600	738	18352	481	28	47
2730	591	1156	254	121	603	641	21	602	286
2175	273	652	15	14	429	262	1006	254	71
4532	5	8	904	481	21	600	702	11	234
10961	46504	426	8357	2641	59	10949	100	55509	401
36373	1156	603	103	40302	59	77	121	146	254
6800	337	3127	261	3690	23949	1242	1006	10551	315
3174	35	121	602	1156	59	254	50	232	117
11	5	8	21	481	35	28	286	71	1
603	35	685	286	1258	591	315	254	844	242
451	77	44023	537	2151	38986	3655	693	30517	3303
2040	451	3406	3623	261	57644	45721	3463	4572	43513
27961	1838	1	29045	1832	38713	20215	29729	4360	28
16094	21	481	5	8	2339	3852	600	71	614
45066	603	47170	402	286	35	1258	71	61247	481
50	600	262	1006	254	337	435	614	8	1114
298	21	262	652	5	35	8	254	481	11
233	5	8	702	481	234	25	600	21	300
285	592	481	381	600	47	121	603	5	11
8	21	481	28	600	35	286	71	1	262
2636	8106	2562	27014	41862	56812	9240	103	877	20731
1006	766	652	429	254	315	71	1258	337	298
34288	103	212	2598	21885	60793	121	17668	48439	37695
25351	4204	15694	212	877	103	603	2154	40612	121
41	5	8	3852	481	614	600	3735	702	11
214	254	843	35	603	103	401	877	1006	286
36215	1071	877	1236	35659	59476	121	254	146	3090
16209	8	5	481	1567	3852	11	20	21	300
1258	603	35	121	286	381	3090	254	1156	592
48715	315	766	1006	27278	3089	17812	6300	44449	21
13454	352	481	8	11	5	286	56189	1156	1
45384	766	1006	429	315	262	1200	652	254	59
352	286	11	603	71	1420	35	5	641	254
7473	360	1114	35	254	121	641	602	586	100
29439	21	600	1433	71	5	2339	8	481	298
5308	21	600	8	481	5	465	234	11	904
14001	1	47186	711	52009	41611	11	352	286	608
35	1156	5956	8	5	954	21	591	47	641
259	35	121	254	591	71	21	602	286	1156
21375	748	43269	52108	30435	34315	43112	877	27122	451
337	429	262	1006	315	254	652	21	35	71
19743	290	299	261	337	51245	42282	10502	13340	2776
5006	697	542	8	11	298	5	21	600	702
3086	50141	25575	6551	15335	33213	261	299	8687	44249
22581	71	21	465	26029	435	35208	298	61670	36442
318	352	563	286	3852	1527	28	1799	41763	5473
45662	591	35	1156	121	32580	30609	2019	117	1236
7562	13	21	8	5	262	11	71	47	652
19454	254	59	171	121	35	2434	1114	1071	1034
19838	254	1071	59	1039	121	1114	766	3320	4891
1322	21	435	71	481	5	8	50	600	3852
28765	35	1156	51797	3090	15389	54829	254	20453	286
37608	542	3089	1316	11	8	5	25	52443	71
2730	35	1156	591	254	603	21	121	71	286
33158	1006	13	766	652	71	21	298	31345	542
13155	35	121	1156	59	254	117	1236	3298	603
25346	21	481	8	5	71	435	2538	11	26
171	254	59	1071	100	21	652	121	71	1156
45930	435	71	42657	21	11165	298	41286	465	483
40090	45953	55407	103	3352	56758	3216	41962	24041	48501
2152	2151	451	77	254	71	35	262	3134	603
5	8	11	3852	904	47	702	481	706	3911
35879	35	1156	121	591	117	254	286	481	603
46036	25285	542	16050	2488	2339	8070	28279	21	1489
254	35	59	21	262	71	100	652	11	286
77	262	21	71	254	35	263	652	5	11
46105	21	5	71	8	99	465	25	298	600
46122	641	22241	3304	23117	35	3298	286	381	35556
37034	40016	212	19676	877	19694	48518	1299	19625	19574
3389	77	544	3388	453	451	12449	594	748	4526
27645	376	286	352	613	35	603	121	288	2154
5788	693	2151	50243	61217	103	163	42738	42796	41042
100	254	429	426	3057	262	3090	35	59	315
17266	8	5	481	25	11	21	16	608	600
429	766	21	71	652	298	254	35	5	11
352	563	562	39956	286	23739	29580	877	28	35
1393	71	21	234	652	8	5	298	600	481
71	21	8	234	600	481	652	11	3911	254
8	71	481	11	35	254	286	262	652	298
3115	59	254	35	1114	652	71	1071	602	171
2784	3852	5	8	481	14144	11	702	234	608
40949	1	26012	28	1771	11	47401	47408	36459	61640
46514	18850	261	262	429	263	652	766	1006	298
18796	35	121	1156	591	117	586	35250	13582	638
15083	103	8089	212	34587	2105	877	47232	41451	47560
27507	2151	693	12553	35664	27506	103	27513	3125	426
387	71	298	21	435	652	262	254	8	100
3091	3090	843	254	103	35	429	603	401	59
19454	59	121	171	1156	35	1114	71	602	1034
103	35	254	766	2151	11	652	481	21	286
46630	315	921	1006	766	429	262	1223	254	59
13820	8	5	481	600	11	25	39866	3852	614
13	21	11	5	254	8	71	298	14	652
27615	352	1258	8657	8	286	50353	2602	35	33283
30458	71	465	6890	45340	26062	55906	47051	1025	1085
1393	71	21	652	234	8	5	254	600	481
12594	19989	298	71	652	254	2294	1114	23333	262
711	352	11	286	8	5	71	35	21	254
23	21	5	298	8	481	71	600	11	435
35	121	21349	1156	602	603	2730	54908	40213	6594
3602	298	71	21	5	8	262	59	3911	11
46856	103	7736	46840	26927	214	3090	747	877	24873
1071	254	59	35	652	21	100	71	121	171
517	263	1006	451	262	254	35	3623	261	86
49619	42408	103	56954	451	1071	748	254	19544	121
603	35	481	286	254	21	5	262	71	11
40828	748	103	2151	35941	3216	43982	55351	693	40843
25930	71	21	24611	1071	49525	298	232	652	2294
1	11	481	8	5	352	28	21	41832	73
46975	11	57298	600	28	47632	18	381	47	9953
28277	21	71	1006	5	262	435	8	35	481
556	47	5	481	8	11	21	600	50	71
4774	602	1156	481	35	5958	254	3174	1071	121
47079	13	2169	22465	21	542	298	8	54175	9082
694	693	103	3134	12429	2152	77	3237	2151	2865
45113	652	262	766	298	360	1006	71	21	429
103	26967	2020	8006	877	12321	44329	59	693	3090
47158	381	286	592	3130	8145	6734	288	641	36408
706	11	5	8	21	28	298	481	35	25
26868	55639	8	542	35	298	481	352	38456	5
254	59	35	21	71	262	429	298	652	5
47270	3125	2570	6784	3057	59	51928	50401	3090	7895
21	481	600	11	25	71	254	904	286	652
15004	608	8	600	25	481	702	904	11	21
4038	11	8	481	3852	5	614	73	47	685
128	48402	3125	50300	41929	10750	17299	603	48107	200
1	11	8	5	21	25	381	481	352	542
286	35	592	11	352	21	5	8	254	381
47447	21	465	1433	40718	33	22303	28680	600	73
360	254	21	71	298	35	652	262	59	100
3222	8630	290	5831	8687	58864	51245	37939	8432	44248
34311	2151	61437	60897	103	55375	23917	10662	47479	42752
242	35	21	5	298	8	11	286	121	254
8931	47	73	43207	303	29589	51207	20929	3079	28
47543	286	592	381	55685	17834	641	14776	10708	3130
34121	103	22075	37707	877	14322	3894	7736	15728	23237
288	286	381	592	641	35	5	11	21	121
16390	328	352	22831	2154	45365	44373	1403	286	121
35532	58031	40119	40663	40108	33028	40077	25617	25225	3216
31787	3852	8	5	52	481	5381	964	34043	703
47649	35	641	1156	121	591	6123	259	602	286
7425	298	71	652	21	262	481	921	603	337
14515	592	286	381	3130	28	35	73	352	641
44847	3115	254	59	39792	1114	1071	44167	1006	401
8949	877	3090	1258	603	121	31760	178	35	254
48263	1	1806	25143	11	28	542	13921	5	4655
3916	1114	602	254	59	2356	3115	35	1071	121
48286	921	429	1006	315	254	262	47	766	59
4249	299	1006	262	290	652	429	337	451	298
1152	517	263	451	1006	3623	261	77	337	3923
9744	121	35	1156	73	641	591	20050	592	1204
21	5	71	8	481	11	35	254	298	286
1114	146	877	603	45992	42454	121	2200	47841	1629
59	103	603	3090	102	1258	254	77	262	71
19707	8	481	600	18399	3852	21	702	25	50
103	877	603	33660	747	1258	254	6220	641	35
11165	71	298	21	435	652	465	481	4176	5
77	451	103	254	2152	71	262	35	21	3134
35	602	121	254	591	381	259	59	1156	1071
48542	254	1071	921	59	315	2746	602	100	43775
36658	59	254	2868	171	57583	3115	14425	1071	53088
254	315	21	1006	603	286	59	843	8	766
42655	29030	3298	121	286	35	381	592	1156	1236
457	748	77	20751	693	38991	451	447	27135	2151
21	5	71	8	35	11	254	481	286	298
48647	10436	381	10438	35	603	212	352	401	4144
48671	1799	309	28	286	50206	11	481	8	352
14092	426	3090	2896	401	921	254	3057	55146	171
5	8	481	21	11	600	71	25	286	35
17	5	11	8	21	28812	33246	600	481	3911
1	11	5	8	481	57040	4258	711	21	1799
8664	352	73	641	286	592	2567	35	8	309
73	50	43207	47	11	5	21	58152	8	35
3852	5	481	11	21	47	600	71	35	28
71	481	21	254	35	600	298	602	73	652
600	2488	21	542	26019	298	8	5	71	7587
234	5	481	21	11	600	904	71	286	35
4539	1114	254	53991	44234	426	429	32276	262	315
8	11	286	254	600	262	1	429	352	25
5	8	11	21	481	71	286	600	254	298
47699	35	1156	259	576	121	602	14153	30272	10700
48879	77	8564	31882	464	3507	50409	24192	48897	261
47447	33	22440	33346	51056	19032	1324	27162	1433	30383
48913	451	261	263	55043	3623	57255	426	2809	24735
38781	263	451	10368	77	517	544	86	38514	1269
7465	254	59	3092	95	40467	1071	1034	689	3115
46329	337	429	41837	315	32720	33892	38215	766	4805
1242	337	1006	429	262	766	652	261	71	254
2439	254	171	1071	1114	59	35	121	3115	602
7269	641	35	286	1156	603	121	1258	381	21
429	766	262	261	1006	27098	315	60637	254	298
766	1006	262	429	652	298	315	35	71	21
481	5	8	11	21	71	35	286	600	28
35	2730	603	843	121	1156	641	1258	254	591
31991	286	22733	42654	35	2746	641	381	3852	435
77	254	35	426	103	3090	451	337	121	21
4737	71	298	232	21	25510	2294	652	1392	8
25859	254	1114	59	343	1071	921	3115	917	40467
2759	1	711	11	1316	5	614	381	8	286
6075	8	3852	481	25	904	11	234	21	600
286	288	3765	3130	592	381	18650	641	2154	36331
600	10446	8	481	5	49304	21	50	521	435
49325	1433	21	465	600	8	71	5	11	435
5331	286	592	381	641	47	288	35	481	73
49363	56351	517	26807	9842	748	447	54491	3057	39001
49377	2896	254	59	602	1114	259	35	1071	61545
31206	100	401	254	43783	61717	43965	23149	3090	843
5	8	11	481	71	1	298	286	600	254
49432	254	3115	59	100	262	1114	652	31874	360
49449	3717	11	55750	8	481	5	3852	703	27537
1138	21	5	435	8	71	23	298	702	481
254	59	35	1071	21	652	71	100	315	121
103	254	71	877	2151	212	451	21	262	603
5753	169	59	1071	1114	602	312	171	35	100
429	1006	261	263	766	37651	71	652	298	315
22592	1006	262	337	429	3127	261	766	28540	71
4986	2327	31210	254	171	401	16817	31233	3090	26722
604	603	35	843	121	641	286	254	18227	1156
49604	60369	7844	4443	1156	121	481	1433	21	5
542	8	5	11	71	481	35	262	298	652
59	254	602	35	1071	47	426	261	100	71
2151	103	3655	2498	30430	603	254	429	877	77
35	103	603	652	254	286	5	11	262	600
3316	2151	103	3216	3125	121	56236	34683	44130	747
12038	481	5	8	47	904	234	25	600	21
724	8	5	481	600	11	21	702	614	71
1156	35	121	254	21	286	591	603	71	5
27214	212	877	747	2689	763	42903	37641	31080	103
3938	298	652	71	465	21	766	262	2987	2961
337	262	766	429	100	1006	15	652	71	254
483	21	71	600	465	298	5	481	8	262
49875	1258	41092	38969	3090	603	35	58213	178	45886
21	71	5	8	11	435	600	481	35	298
13	8	21	5	71	11	262	652	254	47
121	254	1156	286	641	21	71	591	73	59
11978	641	35	73	286	121	5305	2730	592	1156
21	8	71	5	35	11	481	286	254	262
25760	2294	71	298	45030	43443	312	21	1006	652
352	309	286	1	11	73	2154	8	3852	35
2245	592	381	47	288	11	35	641	5	21
44971	451	51404	50651	17202	2038	51403	77	13697	261
31330	766	1006	262	429	4335	33414	652	315	59
24687	592	3130	286	641	54594	29670	34070	18650	381
50174	6341	53813	542	30447	904	71	8	3911	53782
9244	9116	603	381	286	52290	121	590	591	1258
1181	59	429	1006	254	426	315	262	766	261
50222	121	35700	61423	1156	18455	16183	42588	117	259
46571	2151	12429	47367	18692	103	3134	61217	2152	3888
2254	11	8	1316	21	5	542	1	481	3852
3090	10723	603	10721	254	9800	102	3125	35	50300
59	21	71	15	298	5	652	435	8	254
3307	603	35	1258	286	121	254	59	352	71
77	451	263	262	254	71	261	1006	429	35
21	8	522	600	5	360	481	234	1433	71
15748	429	921	261	171	766	100	1227	254	51018
50501	100	254	315	59	262	35	298	766	71
44972	3057	3295	77	426	544	921	103	748	429
254	21	11	5	381	603	592	8	59	3298
352	286	35	11	5	21	8	254	1	262
5	8	21	28	286	481	71	352	35	262
254	35	59	71	298	262	21	652	286	429
262	766	1006	652	337	254	35	298	21	71
917	254	100	59	171	71	35	1006	652	426
5271	451	3623	748	1264	14817	263	30745	24990	3406
14760	103	24880	2151	48439	212	22075	58332	3932	693
261	429	71	21	77	262	254	298	35	1006
50679	298	71	39972	966	38659	38497	1006	38649	21
17949	3216	747	212	877	48235	55415	55403	22077	12886
1006	298	766	429	71	254	35	5	8	11
42380	11	8	5	3852	3151	481	904	55762	21
1752	35	121	1156	1236	7628	591	2730	586	117
1006	429	652	1257	345	60323	59	254	315	337
8	904	5	481	234	11563	11	35822	7360	614
50733	451	315	263	429	337	537	43076	3623	43081
8625	21	5	8	35194	5672	685	25	298	71
50796	28	11	48134	542	21	73	234	481	1
45282	102	190	146	103	3090	121	212	50865	42456
3115	59	254	35	171	602	652	1114	100	1071
71	21	298	652	481	766	28	435	254	5
50924	262	1006	337	766	652	426	1114	315	254
50979	35	16351	121	117	591	1156	2730	586	24937
31348	2150	591	35	121	638	29447	1156	117	19751
77	429	544	6799	100	766	262	921	59	261
28	11	5	481	286	8	21	352	1799	35
212	2598	103	35411	1156	45187	14756	121	254	24524
481	13	29511	21	298	71	11	697	28	8
2156	35	1156	121	591	1558	4336	117	2730	603
5552	286	33024	592	30228	381	288	24219	309	20046
51093	59	1071	254	171	100	1114	1156	45216	38815
602	171	652	1006	262	71	1071	21	1114	100
2730	35	591	1156	254	121	603	21	286	71
21	71	5	481	11	35	254	298	262	286
51144	11	8	481	5	904	3852	47	33662	685
51166	254	1071	59	121	1114	35	1156	602	73
35674	20	5	31705	528	904	702	58217	3852	14753
51197	542	73	71	21	13	11	298	8	1316
73	5	235	21	3079	8	592	600	232	47
21	481	11	71	35	286	600	254	25	47
392	21	435	71	298	8	600	73	481	766
352	286	11	35	5	21	8	254	71	1
5690	429	315	18949	262	921	1006	530	766	293
8366	59	2294	20664	242	254	48344	1006	298	1114
3940	103	15618	15098	22075	15007	46556	3908	24869	41466
3090	35	1156	121	603	59	401	1006	1258	2896
3487	263	261	1006	748	2967	766	429	426	517
13030	286	381	288	592	47527	641	56186	10708	5368
47	5	481	8	11	21	71	35	286	600
45886	1258	603	3090	35	286	843	59779	30888	24574
5210	35	121	1156	804	591	641	603	254	286
59	35	21	71	262	652	286	11	429	5
51524	35	641	1156	254	121	59	603	3298	1114
7198	254	59	5052	1071	100	171	56557	7185	1256
9807	600	481	5	4258	50	21	8	20	522
51590	21	2339	1433	600	71	47	481	8	652
7156	71	21	298	435	73	481	2292	600	5
4802	8	5	904	481	614	234	46889	702	18
51616	7013	212	15600	40395	5211	5189	51381	45187	60069
1323	21	600	71	465	44009	298	435	481	5
6590	262	337	766	429	71	15	100	652	1006
5060	766	1006	262	429	315	20842	24326	652	337
51722	254	32628	921	100	58708	1114	5023	1006	44001
51749	312	360	315	254	298	652	59	21	35
3807	2896	602	35	843	59	121	3810	1257	1114
254	59	171	2814	1114	35	401	100	20168	766
9301	11	8	5	47	481	706	702	12143	28
11	8	5	481	52	73	8825	3852	614	25
40316	3130	286	381	592	641	590	37492	20817	36050
5	8	11	481	21	600	286	35	71	25
51926	35	3610	956	641	121	1156	2730	591	1556
42022	35	1156	121	51434	254	591	269	602	1114
35	603	286	121	843	254	641	1156	11	21
517	263	1006	451	261	262	86	35	254	3623
12855	3216	3352	103	747	212	3090	2598	2151	56241
103	254	877	429	262	71	652	21	1006	286
19916	600	5	8	481	71	1324	19058	702	1401
381	592	285	3130	121	288	6095	3304	35	1258
18251	286	592	381	3130	641	34035	378	15855	15845
3090	254	1156	591	59	603	2896	298	9800	401
254	59	35	71	21	298	602	652	8	262
254	59	1071	602	42782	38354	171	4727	1114	53439
8	5	50	600	702	21	11	47	481	3852
52113	2151	103	3653	3090	3655	43669	3125	12432	6365
25406	71	21	298	14749	9711	58615	435	465	481
11431	254	603	1006	1114	429	262	702	315	100
592	21	5	381	8	254	71	641	298	481
747	103	12850	212	12849	2151	3352	12855	12332	603
5	8	11	21	481	286	71	298	262	254
21	298	71	8	481	600	11	435	35	286
12959	748	451	60397	52228	15182	537	52238	37471	37462
966	435	21	1140	298	4176	7928	22100	465	1006
1430	21	600	5	481	8	71	5686	298	73
71	21	25	481	5	3911	8	766	600	11
2547	35	121	591	1156	1236	50648	586	6138	117
51750	603	52293	35	59	286	73	71	121	21
1768	1316	542	11	8	1	481	28	21	5
13505	35	121	591	1156	2020	1114	117	1558	641
570	562	463	254	352	35	563	603	572	103
19059	23	21	5205	5672	29813	465	6634	99	1433
9688	702	8	5	904	234	600	481	11	21
261	517	337	1006	263	429	766	50882	57164	451
286	35	592	5	21	352	641	8	381	254
21	286	121	5	71	603	262	11	1156	429
52491	60256	35	45750	591	121	21805	1236	250	73
2453	71	298	21	50	652	600	262	3852	1006
376	652	3090	766	35	254	603	1006	262	429
71	298	652	21	435	1006	766	262	481	254
29133	47918	603	121	3968	35	843	403	641	1156
14339	103	24876	15114	15007	12890	27597	15081	2104	3947
2154	6768	381	49589	1210	286	592	44348	11	1316
17235	29964	15329	290	299	3221	42490	1072	337	516
435	8	21	3079	237	481	5	53917	50	600
23075	21	465	8	5	1433	58079	4463	8633	481
24749	435	465	21	71	732	298	574	49659	26910
13	298	28748	21	11	71	1006	6016	33217	5
8	5	21	481	11	71	35	286	262	298
52662	602	254	121	35	1071	1114	259	591	59
3240	5	702	8	600	50	481	904	614	15274
52702	254	1114	59	1071	24338	222	171	312	35
5092	15	14	652	298	71	1878	732	600	21
481	11	21	600	28	542	234	435	286	702
15512	35	254	59	602	259	262	764	1156	3090
13236	22	2292	71	2294	465	21	18811	2071	39454
6583	435	71	21	298	5	481	8	465	11
8	11	21	35	71	286	600	352	254	262
39635	1	41488	24771	554	29187	2348	17731	4056	28
52822	3057	447	3295	77	38585	42816	3348	2202	25935
52839	451	2967	77	537	262	59	263	766	429
481	21	71	286	35	298	254	600	25	47
21810	5340	73	17701	27998	5341	381	286	641	3298
3244	21	465	600	5	71	904	435	8	50
77	451	254	261	21	262	1006	35	263	652
24077	5198	21	36957	2488	8	2339	5	435	3911
35	254	121	21	641	286	1156	8	5	11
27947	71	465	298	1433	21	59	8	652	5
38580	21	71	465	56285	234	8631	22100	1494	49101
46968	843	9011	1258	121	53030	1156	35	602	603
5148	273	15	14	298	20976	262	652	732	13
53174	5	481	8	600	21	73	50	23	702
2818	254	100	59	35	1258	1775	1006	171	262
77	262	21	35	11	429	261	8	5	286
117	121	35	1156	591	254	603	59	71	1071
49231	8	50	481	5	21	3852	73	600	3079
592	572	35	254	352	103	877	21	381	600
360	298	71	254	21	35	652	262	59	1114
19035	21	50	5	8	614	71	600	702	5686
46804	603	286	35	1156	8	5	11	1258	352
12429	3134	103	77	693	2152	3888	12445	2151	59
2154	11	286	35	21	28	352	1	8	71
59	254	35	602	652	1114	1071	1006	71	100
286	35	592	381	352	5	11	21	481	71
2934	652	262	1006	921	766	100	429	71	298
77	261	652	766	71	262	21	1006	121	263
262	315	429	254	652	766	100	1006	71	1114
12474	3090	59	426	254	35	100	103	3125	261
252	1236	3132	35	73	121	30219	641	37765	254
38971	877	212	15838	14756	55782	4933	12696	61298	24334
71	652	21	298	2294	1006	73	254	1114	602
1258	603	35	254	286	877	5	11	8	21
1227	6799	315	1006	254	921	429	766	35714	337
99	21	435	71	5	8	298	11	481	25
10480	237	5	25	229	481	3852	50	73	19
652	298	262	71	766	21	429	337	50	315
53629	35	269	844	586	9472	591	117	1558	121
288	286	35	592	641	381	254	8	5	73
9758	3134	693	50818	103	10449	2151	46775	44134	5787
71	21	652	262	254	429	8	1006	286	11
11	28	286	8	21	481	71	35	352	262
563	1420	352	603	286	11	298	35	5	641
53726	451	77	263	11453	748	86	3483	50643	9443
35	592	352	21	381	603	254	11	71	481
273	429	298	71	262	652	14	21	254	8
1589	1588	697	3852	21	5	30015	8	11	315
449	261	429	337	1006	262	34225	298	766	530
53792	49897	3629	13	8	542	21	429	5	11
53851	2151	103	9732	693	9778	9731	43982	27554	9769
298	387	71	27930	2292	15608	372	39714	3127	61879
8	5	481	21	11	71	35	286	262	254
53891	563	33111	1420	562	53729	352	31804	55560	28308
1324	21	8	5	71	481	600	435	11	652
12303	481	600	3852	26	904	702	721	283	13737
6488	59	1114	26725	171	602	61088	3092	591	35
35	254	286	21	71	5	262	8	1156	121
2453	298	71	50	21	652	262	600	614	254
19165	73	14386	7420	47	19731	5	21	481	50823
8350	8	3852	25	600	11	26	481	73	904
2982	451	263	32148	86	77	261	544	315	56838
6769	34946	60611	11	1	1799	600	46295	481	2154
1950	1006	261	429	262	337	254	59	1114	298
877	603	35	286	5	254	212	11	481	8
54189	13	21	71	5	298	8	9787	16705	19033
103	254	121	2151	747	286	59	877	212	426
9424	34831	77	537	40403	451	43108	544	5437	3057
11	35	21	1	481	47	71	8	28	5
592	286	381	3130	6285	2245	35	5	288	641
7664	11	5	8	25	600	481	21	47	1433
451	3401	5287	57651	10907	263	3623	59576	4557	14701
35	21	286	121	5	603	262	11	1156	71
59	21	262	71	652	286	1006	429	298	8
537	748	27121	451	77	22778	544	254	453	3295
54511	59	766	254	921	1006	1114	100	262	261
54527	30081	32819	562	570	39956	32805	2700	26593	44932
22575	35	121	1156	603	254	59	602	2020	641
689	254	3115	59	1071	100	171	169	35	48412
9435	50473	426	429	261	1006	77	18529	262	53622
3623	45727	2597	77	45701	2809	315	27071	17202	261
9341	563	1420	9317	55	40449	22701	51638	17858	352
54671	426	337	77	3295	254	33749	59	3125	544
721	8	5	481	300	3852	11	904	21	73
21	11	481	35	71	600	25	286	254	262
352	286	11	5	35	8	21	254	71	481
5713	352	286	55607	328	1	50595	25971	381	6730
290	1006	451	299	261	262	21	298	71	337
171	59	254	100	2292	1071	652	262	1006	35
298	71	652	21	232	5	600	15188	262	12379
352	603	463	71	254	103	572	2151	298	381
299	298	451	262	1006	71	429	261	254	21
121	35	586	641	41665	24537	1236	117	591	7104
13811	103	21162	16465	14320	31785	14342	15728	47138	36195
54141	603	16280	121	1258	35	3090	7752	1114	7632
5	8	481	11	21	71	600	35	286	702
12107	254	35	59	1071	1114	21	1156	71	652
59	262	21	429	71	652	1006	603	8	298
49559	254	59	31899	17943	1071	28770	100	46029	2450
121	35	1156	254	117	286	591	71	603	21
31525	315	429	1006	766	921	262	3127	293	24640
54950	47989	877	641	8158	121	43692	603	212	56898
59	35	602	5	21	372	73	8	262	766
5	8	11	481	35	298	262	254	286	652
378	286	381	592	641	35	11	121	1114	352
19793	28227	2327	8522	46104	8623	5335	18028	254	18602
49399	21	17083	8	71	3043	465	3628	18556	481
3581	77	748	544	3125	451	13372	337	261	3295
603	103	1006	1114	262	11	73	8	59	766
1886	262	766	652	298	71	1006	1257	21	429
263	26950	337	58132	536	55077	77	451	60662	533
53312	55480	1629	59496	3090	9046	45977	55500	32395	45840
592	381	35	11	21	352	641	8	288	603
439	261	429	71	337	652	1114	451	298	273
13756	46877	59375	3125	42700	426	3128	447	6928	766
24472	59	254	1071	100	171	3115	35	1114	659
9385	11	8	481	5	234	229	31713	706	3852
16476	212	2151	877	693	3090	254	22075	35	15007
71	1114	59	254	73	21	50	652	232	1006
877	603	747	103	35	21	286	254	481	11
59	602	426	35	1071	100	71	77	73	47
262	1006	921	429	315	766	254	298	1114	652
6781	77	451	13372	6783	3506	262	464	263	429
47559	103	212	3216	17013	877	41451	3295	18733	19963
5208	2356	254	1114	1071	59	35	22883	602	121
121	254	1156	286	71	591	11	262	603	1006
29484	71	21	298	11157	8	26602	12382	262	652
28461	602	254	59	1071	171	100	35	315	46031
214	401	103	877	254	3090	35	603	843	298
1913	298	652	1006	262	71	315	48061	465	766
10051	337	23418	3127	28736	1242	3689	261	1006	8199
6422	693	35945	2151	103	3134	77	3295	42218	25357
55572	17868	17852	17870	55560	36855	31806	41980	30760	19248
4897	14	15	13	2578	21	71	298	435	542
16408	352	286	11	28	600	44468	35	21	2154
55629	57135	29269	28211	53945	315	6787	3127	37276	1006
55660	298	71	652	21	1392	262	8	614	766
55216	769	21	71	465	21071	8	10883	16	30188
3272	1114	59	254	602	35	1071	401	298	1156
1420	563	352	254	11	286	35	5	21	55
11	481	702	35	600	71	3852	286	254	25
1407	71	21	1393	33093	298	8	652	54465	392
27377	3090	843	242	254	35	2896	15590	15512	57413
3655	103	77	2151	426	254	3300	451	1006	286
707	11	8	5	481	3911	25	234	904	21
55846	43269	27122	57197	3655	19543	2151	748	451	693
8353	8	11	904	600	21	25	3852	71	702
8	11	481	21	71	600	298	286	25	262
55874	35	591	121	1156	638	1236	2150	71	61392
55880	3090	254	103	603	121	877	843	35	2559
10974	59	171	1094	1114	3115	35	602	401	24718
36601	71	21	435	28005	1085	2292	652	298	5
572	381	562	877	212	19053	352	19599	641	36796
35	1156	254	591	586	603	59	21	71	286
52908	29252	56324	3089	8	6295	28664	21	5	542
748	77	451	261	263	254	1006	262	71	21
12648	18463	603	29156	56014	376	35	250	1114	392
30456	10120	60531	4872	11541	13	21	31289	5	8
18071	60446	35	44429	117	33850	11296	121	10766	23397
10745	102	843	12220	12230	3090	17308	44892	693	42460
56121	2154	28	11	3755	73	465	286	481	5
11	28	5	8	286	21	481	1	35	71
10932	71	21	465	298	21210	435	8	117	481
315	429	262	766	298	652	337	71	21	35
3170	35	121	117	1156	591	16905	254	603	59
2151	3216	121	44130	34683	3125	747	877	4204	298
877	747	35	103	254	286	11	5	352	1
5462	5	11	600	904	702	21	481	3852	71
15	14	13	71	254	262	21	298	652	1006
200	103	843	3090	121	877	10740	254	48390	146
542	17484	3911	8	24536	481	5	13245	11	56313
212	603	35	103	254	286	11	21	5	652
11	21	25	481	28	35	286	298	73	71
9864	44023	39001	426	77	30521	42917	41968	34890	9450
8	5	11	481	25	21	600	702	20	3852
8006	603	2151	693	212	261	1156	1629	100	1258
56431	603	36247	57199	591	7327	10087	61282	1156	641
56478	21	8640	40764	41067	71	465	5	8	435
51517	121	35	591	844	259	117	1156	254	1180
10575	261	3923	337	517	1006	29331	38219	298	263
56542	298	71	652	23534	27926	21	600	20927	1270
21	286	71	8	11	5	1156	262	59	652
56564	352	1420	55	286	641	1527	28	603	35
28272	212	103	877	254	843	3090	286	35	50212
3391	77	426	261	254	544	429	263	59	11283
19396	286	592	52671	381	3304	603	288	5718	35
3063	71	298	21	262	652	48244	5	1006	435
286	603	1420	641	11	298	5	35	55	254
254	286	21	121	8	5	11	71	262	603
254	59	100	1071	35	429	298	2818	602	592
14	13	262	652	21	298	71	254	429	11
56644	1527	56615	352	15569	325	1546	23533	30855	1571
454	77	544	748	2967	45695	263	57486	38593	44501
56808	652	71	360	1262	298	1006	254	27933	171
54999	603	1258	1156	35	586	121	50	286	843
121	35	117	1156	254	591	33800	232	2730	286
3729	8	5	904	600	608	481	3852	702	21
56840	11	8	5	1	309	298	28	1799	600
19078	286	592	51346	381	288	35	54944	641	30228
