1	8	703	13	227
20554	85	70	80	4257
17033	109	10723	108	7801
18604	14153	26787	4162	53119
289	2396	853	286	233
358	359	44672	24894	44678
367	2337	578	2686	2614
469	252	775	1267	75
510	235	737	1333	12
568	448	606	9818	10464
669	39041	4816	13816	47741
483	1329	7405	24223	746
793	780	792	877	791
594	4781	12	55	1319
1031	5085	5233	2795	3947
783	2728	34	1142	1831
1206	1145	1144	1176	26361
1348	1349	24958	24898	13898
1302	6754	449	1418	8344
1493	55419	56601	25601	26547
11	16350	307	754	1702
1996	57063	4063	1995	35099
1142	2728	1590	250	1831
2036	302	1423	956	371
2221	2215	2223	2216	12013
2247	2308	2309	9112	9108
1355	327	1067	660	2320
19	754	1702	270	11
400	8668	1369	618	9242
307	5475	346	11096	11112
469	252	775	18	1267
246	3114	930	1190	5077
2849	3432	1204	441	1226
2864	2876	2879	140	2883
2929	9831	725	9858	15041
346	1702	561	307	11
2907	1100	660	386	2320
2783	14483	4649	25183	15213
3263	3291	3294	2868	22410
36034	27654	27657	23360	27627
3381	3390	11312	526	1208
5	1	10	9	697
703	9	750	5	555
3686	2467	3646	471	7721
3734	2454	2488	929	2392
5590	2048	10837	4254	3916
1142	2728	1590	587	250
512	5	697	10	750
1275	28288	12449	38262	1215
4007	4004	4005	49	13477
4227	14716	5583	14708	14710
670	775	252	302	75
4338	5207	2729	1831	2728
4363	2541	1451	1066	27190
775	1267	469	985	670
3235	581	432	100	302
4479	552	25438	11520	14190
4591	10176	15957	527	1849
2761	4640	5759	16432	4626
4785	30274	53584	10180	55297
1094	1067	419	386	350
4983	4982	4113	36944	21972
261	6008	75	37	717
270	298	2614	9149	6284
5	1	10	697	9
5422	40617	5416	15672	40616
5449	7073	5591	5976	11952
5456	9	5455	703	241
5558	54430	56953	53480	40408
2216	4112	21191	8799	8840
5613	800	891	2728	3929
911	783	2541	5207	800
3976	698	3715	721	697
5831	2170	281	3620	955
2967	2814	5849	1686	12751
6000	717	459	1993	956
308	7015	1575	1877	2541
1	703	9	750	13
6137	2835	10854	12038	743
6178	61504	45041	49877	16778
6224	45378	52454	996	53955
725	2774	426	38183	3009
4742	3003	172	372	154
18	3235	75	581	100
6356	27208	11354	40614	24929
172	372	154	179	23245
6535	6467	47645	51921	58234
6614	6564	695	6606	6620
561	346	602	11	16350
101	250	3114	1118	56
3536	3393	50521	2944	76
6886	6852	6895	6889	6882
1089	929	1067	4408	1152
302	75	432	18	1423
7022	31461	5791	43641	13488
426	2774	522	6806	2927
7222	7208	7216	7219	7224
7292	40231	4878	44352	39899
34	1142	1590	2728	636
7368	1171	783	5614	12294
3686	2467	3646	7721	471
7400	9178	574	2654	785
7516	6940	56320	46987	7806
7586	7585	9958	32464	7552
7593	1451	13623	852	1575
7651	7664	7660	7626	7641
911	783	2541	5207	800
7741	7782	7735	579	52534
7842	7819	16756	1102	1573
7902	25189	7879	52934	1406
34	1142	2728	1590	587
7987	50982	28477	29381	58908
8016	640	1945	2980	756
724	3353	828	3903	4192
8142	8108	40335	40349	40336
2004	6827	3118	3970	8222
8369	47576	35683	38537	14637
9	750	5	13	555
7201	8421	2471	2470	566
8466	43546	32642	53785	33287
785	312	324	25014	5410
8528	1436	717	924	1487
8615	90	50913	44823	25028
5	1	10	697	9
8730	31530	35972	10601	33749
270	298	2614	9149	6284
8776	8777	21636	13151	24410
594	4781	55	1319	227
34639	389	9488	7083	3685
8922	12112	49428	23011	25667
7555	32703	20075	43771	39340
9011	9004	9010	9014	9008
9064	43182	26023	54568	54037
2175	715	924	717	459
14527	1511	13849	2615	2730
9277	3339	145	20411	2132
9348	19219	1422	9312	9302
9446	50521	3393	44972	15389
389	3685	9488	386	372
9591	20949	14637	20102	21377
246	3114	930	1082	1190
9709	51150	51164	10669	6804
9754	9753	9764	9751	9760
2575	856	1831	1142	5457
9820	8864	30039	30038	30022
9833	9860	3283	20750	14593
1142	346	5457	457	1678
350	4190	2907	3685	386
9956	9960	7198	2525	5119
9974	469	514	3970	985
1142	2728	1590	250	1831
10118	10119	10115	10109	55001
18	3235	75	581	100
5159	5157	2661	10186	177
54	934	273	236	37
218	828	145	44647	4192
10412	27886	18925	12798	32368
473	6795	1204	442	2660
10441	3145	3884	9727	756
10493	4324	10519	5976	5485
246	101	3114	56	690
236	1197	250	457	54
3145	2900	3333	165	1945
3921	3920	2148	3884	6021
111	12221	7779	116	211
10755	25292	10761	19571	4106
10811	18056	38738	4395	16891
964	38	13724	1701	2972
10880	10885	4837	61511	8614
5257	3777	43513	41348	13826
991	42352	42359	39671	1224
10982	59381	148	16603	37915
3466	11010	11059	3280	6421
11103	762	3140	2520	19
61719	61720	61718	61721	5349
11183	11177	11176	11174	1608
11214	11213	58246	1441	12109
419	3315	386	17439	1094
11323	51518	7792	21632	13151
18	3235	581	75	100
10397	43288	32333	43287	43343
56	246	3114	930	1082
11502	11501	45272	60964	59662
7858	16144	9501	552	43171
2897	19523	16425	50437	115
3235	75	581	432	100
3541	7103	12501	756	3145
11741	6134	3156	270	5491
11775	922	21773	21772	10536
1067	1082	194	327	2427
11862	11871	11863	4131	11875
1	703	9	750	13
11093	5403	917	11950	7715
11	697	5	1	10
2993	2660	44971	3630	3431
3823	5	555	1	9
12175	53011	16278	18281	58694
561	686	9312	3733	9297
116	211	3000	2871	179
12285	57241	27089	35459	29867
703	9	750	13	5
7599	3918	116	7801	12868
775	252	1211	5263	670
458	25	3800	18	1
585	3354	145	1282	816
101	250	690	56	3114
12471	2466	12475	12453	12437
246	101	250	56	3114
3404	12934	3401	2808	2149
12696	52086	14306	33663	17823
1390	715	2306	459	564
8840	3811	958	4112	8799
4248	19274	41569	4253	20685
12854	24894	13099	24899	358
12904	23046	12914	4020	27282
2149	2909	756	437	3401
11375	51387	22981	51386	11364
3145	2900	615	3333	165
252	775	1267	469	75
13033	390	13028	16210	10464
13142	3929	2513	2150	1066
13201	9508	246	690	17386
13272	13225	13266	13224	13269
429	3446	11463	11473	528
6749	5731	28087	2396	57380
13396	3455	487	6826	31889
561	602	11	16350	754
4825	1075	4869	4823	4811
13557	51992	16826	32612	24308
13579	13604	731	16891	42432
917	4903	346	1702	298
10394	7446	302	410	369
9033	6985	1267	775	252
3124	366	1511	574	26686
13900	13901	10473	42186	963
13998	4734	57356	38346	36931
14021	14011	13197	4010	58089
419	1094	350	386	1067
14069	726	9422	5434	3170
2183	3432	1226	5246	440
1328	565	3742	5724	957
14228	9765	32154	5725	61530
547	3630	3895	5263	440
14295	53607	51090	14287	14292
13836	14330	13838	7732	13699
1	703	9	750	5
14385	14386	14382	22	14378
457	250	77	1142	584
116	2871	170	3000	3918
8202	253	13712	4325	28220
4228	721	2250	1297	38
2471	7201	2470	2469	3884
3379	442	440	8702	545
3446	442	2660	440	1204
1	703	9	750	13
1831	891	1197	34	2728
3630	8702	2660	1226	9429
440	442	3630	1204	2660
18	775	252	469	956
14872	10428	22625	49851	22647
14921	3015	3017	2949	3071
14961	6996	42056	40172	26552
11933	924	1418	3235	100
15011	4005	4307	8072	1300
9860	7721	6775	9426	3283
14350	15103	20792	25631	15080
4918	3600	18347	1763	4922
15172	688	39248	21000	12846
15226	15225	58485	7988	60012
15296	37724	50588	52948	27789
26	28	235	266	13
8675	8653	10276	4903	484
11	5602	595	686	590
15374	12104	7304	37878	48268
34	1142	1590	636	2728
15462	54053	31873	59288	53888
15540	1383	15498	970	3224
3429	15623	3428	11314	3427
29	4918	458	706	261
15693	21639	32831	21656	48089
4263	985	775	341	252
211	10070	3000	123	7599
9983	469	50894	775	252
154	1678	808	566	2728
2247	8095	2702	2588	9108
15901	22783	6788	50521	44972
16098	17824	47611	36929	46912
917	4903	1702	298	346
252	775	1267	469	75
259	34	6123	2621	734
16265	24640	31176	51360	11620
16333	48274	12353	31185	52737
590	13	266	55	740
567	6726	3149	346	50672
16446	16443	16431	14355	16445
7732	14330	15093	4118	7780
302	75	1423	432	18
6095	6085	40090	40655	724
5903	5934	16579	45732	5941
16666	17410	34129	46298	22615
5566	574	6828	618	270
252	775	1267	469	75
783	2728	34	1142	1831
18	3235	75	581	432
101	847	930	1100	386
1661	2392	192	327	1067
246	101	250	690	56
101	250	690	56	3114
9880	16909	8680	560	5580
252	775	1267	469	75
6217	6218	24918	7144	4118
3226	5	10	278	565
17142	9983	5730	50894	4123
46549	13835	15103	15080	20792
9968	21608	50210	4026	4061
442	12679	2660	441	440
13013	6961	2855	8374	1555
17244	12793	51165	18153	24182
1042	39426	29804	42364	35815
246	101	250	56	690
17276	44802	35311	24958	24834
7538	12808	17315	17292	17336
8932	32917	57665	25042	42966
3284	4353	3307	1314	3143
17429	3715	23098	410	4009
828	145	116	2661	12369
252	775	1267	469	985
432	449	75	18	302
2150	783	800	636	2541
15864	49271	36325	24948	5176
8548	5460	4190	372	386
17739	17738	17718	17711	17713
14691	3966	3000	9731	1661
1564	6294	2750	1570	38
233	457	587	584	1142
1866	3056	13211	939	24037
270	2614	7715	9149	6284
440	442	3630	1204	2660
8598	8597	3205	35486	3201
18006	58789	39755	43162	32332
1	703	750	9	5
1314	3284	1071	7249	7699
7721	9860	3283	6775	444
18103	9898	7381	477	7393
18166	38822	38805	20149	61377
346	304	2169	4903	1702
18240	18247	49649	4903	8476
18305	13514	3685	389	9488
3205	8086	734	609	1361
440	442	3630	1204	2660
341	3970	775	252	253
43	5	11	697	3823
1061	7699	1071	611	4353
1197	2320	298	5909	2614
18529	53275	15057	44825	40402
18547	2994	2967	5872	18157
18570	31325	10621	21022	38303
2564	5077	1082	2995	660
6	5	1	750	9
270	298	2614	9149	6284
2826	1067	4893	1082	2427
2151	270	4903	298	346
18777	46451	54711	35387	39270
3354	584	250	1197	77
3165	3354	145	233	828
18974	18969	9891	5976	2817
3090	1436	1416	1391	3959
19087	39757	9940	1677	21087
847	1188	101	246	1686
437	2980	756	3280	2909
14080	3119	426	6421	2774
471	3280	2980	3119	426
14080	3119	426	6421	2774
417	1945	192	2900	615
9304	19240	19231	19219	19244
33934	29717	41569	13207	20693
561	11	16350	307	754
8308	44802	341	469	1267
12751	2774	1686	1272	426
19345	958	10839	4112	22704
19380	670	9701	1211	642
233	457	587	584	34
327	1082	660	2427	1067
2427	1082	327	3114	660
34	1142	2728	1590	587
703	9	750	13	5
3685	250	386	660	1118
703	1	13	9	750
6025	24	6574	4446	7587
4112	2757	964	13724	749
19689	8621	15130	45585	33146
14274	775	252	5591	985
19786	9256	2478	3980	3668
7529	717	1436	1401	1993
19938	58846	44918	51145	21914
298	2614	9149	6284	574
562	19963	1666	54	7954
20020	440	10430	2660	1204
20045	50005	23620	11791	50011
593	18	5	750	9
929	36622	1089	3693	14754
235	28	227	266	55
5847	425	929	59665	27960
457	581	587	30	18
20	16	3948	1133	4449
20271	5492	6673	29916	38621
3001	7599	3228	3918	12221
1588	2581	2337	6284	2374
985	252	1211	670	5263
20384	27894	1661	8019	4218
2161	1142	2728	1590	1171
20411	3334	20432	7712	2614
18	3235	75	581	432
581	1	5	703	457
16206	250	636	34	6123
20515	11844	5293	2995	7837
5455	9	703	241	8
1067	194	3095	1245	2488
20620	236	77	4073	5468
270	298	2614	9149	6284
20656	22320	43194	8877	61496
4352	12381	2829	8379	5651
20717	5560	9926	12013	6012
2148	3145	3884	10658	3541
3283	20750	9426	6775	14593
939	3915	8817	8819	24037
16491	25631	13837	15108	15104
660	1067	327	1831	194
426	2774	6806	3114	847
20918	30591	30592	9548	30572
20961	15366	17578	20959	44998
20998	55215	30609	26548	24717
8306	21013	21040	55055	10294
2948	13712	5263	670	1211
571	3284	24113	611	679
21140	48402	23476	37317	21705
8419	27552	8405	8422	21174
5148	23205	23203	23209	4926
956	75	18	715	1215
16992	21246	21253	21247	21264
683	5	9	278	227
21356	22048	1671	1670	9691
3970	775	252	253	6827
2422	327	3000	660	1653
552	3952	7858	43	5
21523	2115	978	8796	37
3235	75	581	432	100
1142	2728	1590	587	1831
3858	3715	698	1473	171
1142	1590	1831	250	615
5491	6284	2374	290	2581
21625	16831	32510	20037	52469
21638	25388	21633	21640	51517
21677	21671	21692	21686	21704
775	1211	985	253	432
21868	4440	26735	32598	39066
44332	44333	19890	15859	40397
22000	13334	57282	34355	7371
3682	3114	660	5217	246
1142	2728	1590	587	250
703	750	13	5	740
34	1142	2728	1590	587
22094	1880	8086	6217	3918
75	432	369	302	1215
22150	39401	10777	30412	48031
22177	22944	44463	58379	50390
432	449	100	302	75
4569	3434	440	1851	3778
22240	37259	42652	22238	22239
1215	75	956	18	432
11	697	5	1	10
22328	30013	1597	7838	20624
8420	35862	1325	499	5027
703	9	750	5	740
22439	22429	47004	11028	10541
37952	22478	52446	30337	15526
4192	24040	218	828	48592
22565	22560	22544	14234	22528
440	1204	3630	8702	2660
917	4903	1702	346	298
14056	250	636	6248	1644
457	54	233	1142	584
24	100	77	25	458
3147	2575	6619	1745	258
18156	54907	53164	12124	12980
250	101	584	246	34
26351	49655	1144	9701	523
18	3235	75	581	432
7474	2488	1078	4827	4895
3371	6803	473	3013	76
1204	3432	2660	3449	440
404	369	15541	2963	7880
22833	15357	56737	306	56190
3685	9488	1118	17439	389
22934	22919	22932	3971	2151
22983	8634	27824	10912	27973
23026	5003	2690	5012	5045
5644	18	4757	6198	1416
2900	615	9785	417	1100
5280	2384	18	432	75
296	6284	2337	917	270
23158	23159	20851	27908	2926
23181	24993	14879	54513	54060
660	246	101	3114	847
1883	170	3001	7599	12221
5338	11395	11489	8702	14838
20298	5719	36589	11902	24645
350	1094	386	4876	419
23406	16730	741	29351	49679
5021	29909	29908	21488	29914
3078	4958	2757	38	749
3708	17665	1190	246	1245
3265	5460	350	6973	372
2941	2944	480	526	2927
21622	19150	3002	1310	17273
571	3284	24113	679	1314
270	1197	2320	5909	298
9794	30854	21491	34730	12307
599	10702	448	606	568
4663	22694	1140	1457	10847
40744	4285	41785	41788	41831
20761	23784	14080	2774	426
2181	16602	2182	10521	24054
19460	23011	50883	2857	23895
240	457	77	1142	250
574	785	270	9149	6828
4263	985	775	341	253
1	13	9	750	740
23986	43162	23983	14297	22080
940	749	965	963	964
587	34	3354	54	233
298	2614	9149	6284	574
4545	3226	278	5	555
571	611	24113	6143	7699
24140	13	1	703	227
3261	100	457	386	18
1204	442	2660	3393	576
2422	192	3000	327	1678
3109	1702	2151	4903	754
7715	298	270	7603	1575
1310	1276	587	3354	734
1214	75	432	369	302
643	1078	929	2444	1082
24366	3712	759	978	24369
4307	2952	1304	19786	18347
19641	21116	16187	30531	21244
15991	24534	24535	24406	22531
24585	10483	60267	48615	21359
1272	350	12751	1094	386
2384	1686	386	1100	564
2907	660	1100	386	2320
24718	50481	50480	46886	46916
715	1993	1391	291	5627
24773	17737	2215	13999	2223
246	101	250	3114	56
2769	1147	351	272	469
2728	1590	587	250	1831
16486	13837	15103	15104	15082
1100	3126	1082	1686	2384
145	233	724	7036	2728
24992	2224	13992	39041	54282
240	457	250	77	34
2574	3156	9149	298	290
25172	60953	36462	37734	31628
77	233	54	240	637
3168	9983	2035	2769	469
270	298	2614	9149	6284
1142	2728	1590	1831	587
25263	9301	15256	25258	25256
12666	37796	47450	5117	47362
5421	458	25	4430	29
25350	61596	7991	13527	57665
5	10	697	11	9
717	29	3600	371	2170
25408	25381	25363	1945	25390
25434	51072	35339	3945	33927
512	5	697	10	703
19215	32443	24308	19453	45730
5206	1197	34	250	1142
270	298	2614	9149	6284
25574	25577	35082	60732	1044
3045	7900	3126	5077	14825
3284	611	24113	679	1314
13838	3914	8868	15103	15093
5976	5591	775	252	1267
5455	13	1	703	13723
1544	1545	1588	6284	290
717	924	715	459	1993
10562	25755	25739	13755	25741
25826	25818	15110	40446	53829
25888	36877	18296	5778	58789
2630	3656	39801	1613	1615
19808	246	1190	690	7379
3078	4958	2757	38	749
568	324	606	448	367
11438	2179	14782	33278	19966
1	703	9	750	740
26020	3815	42594	5584	9685
1369	23630	9252	49582	400
26092	26069	56967	18531	56971
2780	4958	26166	3078	13477
25	101	2170	34	29
5071	7405	746	1557	227
177	2661	145	218	7036
924	100	715	459	18
3235	75	581	432	100
26286	5960	30814	53744	5791
630	684	485	13306	2926
432	459	302	5	75
26381	53468	59859	8559	25246
26417	31318	35079	36641	35366
1	703	9	750	13
3823	5	555	1	9
561	346	1528	602	1702
615	9785	417	34	1945
26555	26576	30814	30559	24695
26615	41493	29365	12922	9099
13	703	9	227	266
24528	24518	30250	21417	41533
15630	1457	2795	2746	8393
14795	12679	3449	442	10431
2544	177	828	2661	195
703	9	750	5	13
1701	697	5	958	43
251	48947	27035	23176	5756
30884	3165	8444	9150	2511
12022	4175	8073	4757	717
26947	26948	26944	5875	1686
1147	351	272	1191	1144
376	400	9112	764	8668
4251	4304	2004	10010	3970
1686	847	3126	101	1100
7393	40480	7392	29924	21396
1	703	9	750	13
17200	26636	2695	27611	27610
4679	18570	10621	11032	21022
7699	2853	5505	11054	828
752	2581	6284	290	2654
555	3823	581	697	18
27277	52068	12709	42548	23068
1011	3056	1866	27287	939
27291	27292	27310	51307	27298
13	750	703	27	1557
27422	54568	18841	18770	60983
27456	55191	57064	19880	59019
5100	2170	955	371	261
27518	27515	50247	60900	16995
2809	679	3307	3284	4353
3118	6378	3970	3280	341
20139	27579	20155	18151	18212
1082	660	2427	327	1067
27630	752	2657	2337	5283
2384	3126	75	341	775
11428	351	31733	10547	272
11882	19770	3703	5233	924
7272	13094	7257	3284	22247
320	14959	314	1405	5475
5243	2660	1204	3449	3431
3471	11345	3472	27834	25246
27865	27864	60460	54882	15027
19424	40864	6471	37189	27765
644	417	1945	4218	1970
27923	27911	15534	10692	49267
27970	27969	14696	25512	47708
191	21584	48522	1960	4398
828	145	44647	4192	11054
1988	154	2528	592	2621
20626	14285	4072	1876	20619
28115	35730	6421	3119	6436
303	545	2187	271	4247
8064	44713	44714	40104	32146
28152	28147	28148	28156	28149
28175	41615	19485	6816	57909
1	703	9	750	13
28203	6698	602	5526	1528
4923	2488	1067	929	2444
1142	2728	1590	250	587
3002	24	3980	648	19331
18	3235	75	581	432
8667	26686	32835	574	2730
1927	6758	3947	16	459
28360	28359	16795	35339	53552
13416	560	561	33	28374
28396	32837	60552	2653	48757
5430	5542	246	1082	2649
28503	51238	7031	26413	16221
101	246	250	847	386
5	10	697	9	555
3353	724	828	3903	218
28599	28597	28595	28604	28638
17273	3002	19150	5460	4307
28703	2280	21414	33180	13324
28737	45408	58795	9036	56833
24040	218	48592	828	145
4781	278	594	740	6
28842	581	924	5315	1303
236	240	593	233	54
28910	28892	28873	28870	26136
12641	13987	30053	53011	5778
29066	29045	29058	29054	29047
17804	29093	2043	29097	33130
29133	61201	9534	43752	19300
15403	5644	7956	1038	37
3969	351	469	272	1147
27217	1279	1315	5608	9247
9	750	13	740	555
24385	24377	16089	11381	24386
14349	165	8034	1945	3333
23762	11538	5031	1457	4231
36	257	5	3823	43
29350	46201	16210	19149	5111
29467	7951	29395	26539	6612
29530	14626	59887	29526	14654
7954	14868	18834	6591	273
270	785	9149	6828	2614
594	4781	12	55	5
29626	35452	37415	29608	47111
101	250	690	56	3114
2161	34	1142	2728	1590
9149	270	574	298	2614
29771	7093	27441	50883	43578
775	1267	469	75	670
76	2941	2944	480	526
27190	3315	1094	929	2907
29844	29841	29850	29842	29837
13724	969	19	5602	754
29865	25848	17576	20834	17800
940	749	963	964	2757
29918	29912	3825	29910	5021
29953	41592	22897	43951	23921
29990	4693	39862	48377	11317
29999	7750	13335	16221	31056
556	34	457	250	1142
457	581	587	18	30
33	270	346	8740	1197
30126	59979	32901	37836	36620
30165	52649	21644	26469	8367
101	250	56	3114	1118
2660	442	1204	3449	441
850	847	6806	426	246
25301	21415	13873	52746	22694
30237	7086	4952	42000	5210
5644	233	457	828	54
1100	4812	3685	369	386
469	252	775	18	1267
246	690	56	101	3114
2900	615	9785	417	1100
30395	38817	46659	23895	50883
19051	251	11192	985	9701
3124	14527	9112	1511	13849
3686	2467	3646	471	7721
30463	30462	53817	53821	53814
19032	17918	12329	19011	30477
3283	9426	20750	6775	9831
16187	21244	30526	30527	30532
9528	7536	27059	5888	20267
30904	1570	30013	1597	5499
1383	970	2001	1297	721
30664	57702	30792	57588	39699
271	4247	303	545	2187
27451	16425	50544	58820	30900
426	1686	246	101	1082
1204	3630	8702	2660	9503
2900	615	9785	417	1100
703	9	750	13	740
30821	19460	25481	47364	44352
13422	1398	5475	13433	52761
19	3140	603	16380	9338
23744	448	607	10702	606
18886	16201	8444	32210	1268
20051	77	9178	2995	1038
775	1267	469	75	670
6272	615	2728	2161	2153
30951	30960	4136	30954	28150
1701	697	19770	2972	38
703	9	750	13	740
2164	15883	1783	25657	26418
11892	11843	5590	10837	11851
6121	571	3143	4353	11964
18	3235	75	581	100
10995	51975	30656	5775	18668
31174	31194	31204	31179	34262
5	10	9	697	555
31277	31276	31270	24074	60787
31315	31318	39576	53338	36641
1697	25082	1300	17376	8379
697	5	1	10	703
31387	31386	28074	27916	53207
579	3205	566	8086	734
1423	18	469	252	775
24898	24920	13723	507	24958
1	703	9	750	13
1067	660	1082	194	327
31488	19302	52281	21510	44765
8331	277	457	555	1
3822	6011	2998	4173	3794
18483	31522	55987	31529	46895
25562	19052	27540	16891	32725
3284	1061	679	7699	4353
5807	5806	5814	3047	55320
257	5	703	1	593
3109	3749	10814	19	754
1964	3000	3966	7801	26720
31759	53451	47330	47664	31209
154	808	592	3205	1678
31797	49365	24188	41724	28576
6726	346	5475	307	5526
31859	31837	31867	31856	1089
12508	4831	7062	20754	7929
2161	615	1171	34	1142
15206	15388	7337	15393	34894
14770	1893	5175	24381	24378
3950	23869	4190	2907	350
670	3390	341	985	78
1347	21622	19150	20627	3002
775	252	1267	985	670
13604	18554	44458	25703	33830
298	9149	574	7715	268
1255	1254	341	3970	41784
101	250	3114	56	1118
24207	24958	16957	1301	13898
442	1204	8702	3449	10431
15793	114	808	3000	154
5650	48	5649	12461	5627
440	437	756	442	1204
7699	571	6143	1314	1061
12228	660	246	1678	1831
10	9	697	555	703
32261	8212	32266	8275	9975
27197	469	1267	514	351
2151	1702	233	457	54
32311	26543	55722	61415	40446
6985	9033	1267	252	775
12240	346	1496	9403	5526
965	749	963	17729	964
32457	53650	51927	37442	32437
32539	31441	32524	55738	58008
1142	1590	250	1831	587
32623	20159	20099	32615	52700
241	13	9	227	277
32673	32670	15910	3959	1519
7086	1078	929	1067	194
22902	38669	40169	40864	15131
32760	14756	1473	7443	3195
3207	4360	4001	18977	5169
29764	1340	5608	300	13
2702	2584	8095	2308	2247
8653	10276	4903	2151	484
33026	2692	23894	59549	59552
11054	49457	11359	44647	1818
8301	547	22723	26351	4325
660	1082	194	2427	327
18093	5	457	683	3823
1142	2728	1590	1831	250
7593	1451	13623	852	1575
526	4122	76	11455	440
250	1142	1831	34	636
9109	9106	32835	26686	33594
1142	2728	1831	891	615
1267	252	775	6985	469
29412	6758	1927	3865	12056
235	28	227	266	55
7858	3952	43	1550	5
775	252	341	3390	985
33456	49614	21314	7988	7914
257	7402	5	1	703
749	12783	964	970	38
33491	10874	2840	49	33489
4304	10546	10583	10589	5717
14235	22527	7856	22523	22534
33584	56156	15274	15293	56737
2309	8095	9108	2615	2584
33621	17987	3861	2729	2161
1	703	9	750	13
278	4781	3823	697	227
11937	594	6	5549	3226
300	28	1333	8813	26
33705	11496	23656	56631	25966
28458	33715	8563	33724	33719
847	272	1188	469	514
703	9	750	13	740
14461	10305	14462	41431	17631
809	1188	514	847	351
29340	2532	6758	5224	4077
33921	60787	33893	10422	33875
775	252	1211	985	253
298	270	2614	7715	9149
584	250	1831	1142	34
3658	1067	6777	1355	1245
2900	615	9785	417	1100
246	101	250	690	56
4173	6011	2250	3784	4228
33	561	1702	1528	8680
3905	717	302	1423	486
1142	2728	1590	250	1831
34	1142	2728	1590	587
2455	34234	3734	6193	34247
2995	77	246	3126	3685
1	703	9	750	5
12033	20686	1773	1133	16999
14795	2660	3630	3449	1204
2797	2806	9841	6775	9838
21900	25756	760	60936	762
2444	1082	2427	327	1067
1	703	750	5	740
34366	30390	33581	61458	30849
552	3952	7858	43	5
246	101	250	690	56
1267	469	75	432	670
346	11	16350	754	1702
252	775	1267	469	75
4937	298	9149	574	268
24	100	77	25	2690
49	4005	4333	20737	14224
26638	34456	27662	34458	9700
615	2161	34	1142	2728
2963	1211	369	5263	775
4840	3090	22416	1436	717
30270	13339	23886	28643	36556
7858	9501	43171	552	3952
170	3918	3228	12868	34585
14575	44124	7201	13731	566
828	218	587	233	1361
34724	44248	57899	42901	11624
34762	34747	12307	2018	34742
2015	1719	603	2520	3140
22711	50652	32593	51366	37566
2801	56	246	3114	25000
754	1702	11	270	762
17256	7415	24958	511	714
1	703	9	13	740
15393	12736	44530	44529	44519
3354	584	77	1197	250
985	775	252	1211	670
34973	3779	3977	8442	1676
12463	1215	3045	564	1077
35022	49937	51353	34153	35001
34	1142	2728	1590	587
12449	386	2435	250	3685
5263	34581	985	2948	670
1618	3119	21380	5300	6421
35171	42895	10914	22974	22203
4152	1990	1995	3071	5001
246	101	250	3114	1118
75	3235	581	100	302
35253	59094	9579	21442	9375
270	298	2614	9149	6284
24451	35266	35263	5809	35272
1990	5001	58251	9568	13223
25362	25368	25381	25363	13618
35342	29104	2247	30921	2245
6777	10254	1067	4257	660
35371	6344	17273	6368	30472
3918	12868	34585	15726	6021
6371	6378	6384	6376	6370
3918	3228	12868	34585	15726
35458	35457	54882	23323	40722
4754	2926	2994	847	1152
8597	3205	3201	12835	308
1030	3646	3686	426	2467
35512	1615	25933	35511	43143
35534	49485	26228	56918	17965
4312	44454	7466	27055	58518
18797	59684	17668	61475	40015
703	9	227	266	8
1142	2728	1590	1831	587
5341	4360	4001	3207	29260
35691	35694	24602	54758	27997
7059	7122	35712	14068	9419
3641	6144	3168	25597	514
18745	16201	32210	18878	17773
9786	7541	14134	3262	39488
145	218	587	177	233
1144	26351	78	18526	1147
5634	4449	449	432	18
5027	746	277	24920	7
7021	2661	2544	177	35409
2250	2001	970	1297	1383
15786	31816	58999	35966	15729
11456	76	526	440	253
20754	9866	20752	23792	9833
20588	29625	56808	44174	19460
703	5	9	10	740
448	606	9818	605	10464
36022	430	52125	29916	8614
8653	4903	10276	2151	484
1423	302	75	432	18
25683	2374	18061	5297	752
271	4247	303	545	2187
728	432	302	346	1702
9	750	13	740	555
12025	13712	1211	670	4176
9101	24	29	25	956
16489	36189	36190	36186	16477
5	697	750	4781	703
7354	7277	20719	2235	4050
618	785	367	574	2614
3353	828	3903	218	4192
35512	1615	25933	35511	43143
7230	7603	578	2412	16183
448	9818	605	2614	36788
5650	5649	5627	16999	3045
14040	36369	14650	2544	116
1701	11	38	13724	697
36418	14482	17968	22314	42387
36461	37878	39285	22258	33348
14965	20720	8722	3247	18223
6925	2250	970	2001	1297
246	101	250	3114	56
3265	1215	2384	75	956
36626	44811	44810	44812	44807
36649	41435	53078	36635	54884
250	101	584	34	1831
36706	60061	55641	60060	51041
36721	15793	39772	18772	808
4286	10552	771	24782	251
10622	19368	10337	2187	4247
13836	3914	14330	13699	16485
18	3235	75	581	432
36815	51254	24485	37620	34050
36827	21510	36848	36835	49680
1	703	9	750	5
36918	36917	54308	45355	37410
36947	36946	6471	59630	55732
36965	31323	7311	4833	1436
36975	57857	32706	34539	36046
36566	36567	929	2524	1931
8095	2308	2615	2702	2247
3140	9338	5279	2520	1720
37089	37083	7622	37106	9226
37125	2899	19657	18730	52654
11	697	5	1	10
33170	56216	61818	19585	18551
14379	3348	14385	17464	14381
49653	78	547	22723	13750
37185	37183	4071	37184	37182
172	372	154	179	4742
37247	875	24399	3307	7246
154	1678	808	566	2728
37261	8999	124	37270	24632
14890	37376	2002	32538	16
35921	57984	18956	12386	7539
14104	44971	2993	8702	3777
3235	581	75	432	100
5677	916	32654	33665	20487
17284	37514	12038	743	31361
37538	42299	37545	37541	8299
1100	3126	1082	1686	1118
2337	2581	5491	2654	2411
15699	607	4192	10702	605
3229	3165	1575	233	1877
37635	25675	48288	54976	1862
37647	37644	24036	37645	17297
7572	1103	7571	7541	30813
3280	2909	3393	2149	9429
37689	12571	45965	8034	10210
3228	12868	3000	3205	8086
21944	38389	21945	32639	21985
298	2614	9149	6284	574
78	49655	253	26351	9701
3249	1993	350	3126	15378
10874	28376	33489	19972	33491
192	3000	3966	2661	417
1142	2728	1590	250	1831
4781	12	55	5	1319
37847	31977	21471	54516	51283
37881	37863	46172	8674	5472
7672	1576	4400	891	615
34850	6193	39800	37931	39795
5460	350	4190	2907	3685
3124	9112	14527	1511	2247
3570	526	76	2944	14197
18891	417	895	3000	24665
38011	14889	4801	41144	425
703	9	750	740	555
440	442	3630	1204	2660
1314	679	611	1062	24113
170	3918	3228	12868	34585
38100	5577	59379	29490	3866
3749	19	10814	754	1702
5	4781	697	750	703
38150	28906	56035	45341	61276
38164	13139	31755	43600	56031
11893	261	2528	281	6008
2920	9433	6238	9831	27401
29169	10567	9033	18510	9701
38264	38263	824	37851	37103
38298	18570	38304	11032	31325
568	448	606	9818	605
4041	14224	4005	2250	721
38412	30093	44946	50490	25248
2520	19469	1729	11103	7715
3235	75	581	432	100
253	985	775	670	1211
31987	38508	38530	37481	26388
14426	327	643	660	194
11830	5491	6284	270	6134
252	985	1267	670	469
839	5	1	4781	697
4023	5085	5084	13227	4043
38608	38605	38620	38603	38602
38629	15243	13715	5204	36754
6683	4101	38653	38654	26018
302	432	1423	18	469
4757	564	717	100	386
4352	4253	12381	2829	12033
2730	578	366	13849	614
1208	3390	480	253	523
38821	58671	35450	32620	22889
38834	10854	31361	22012	38835
12284	38854	38843	57517	38849
3918	3228	12868	34585	15726
52	55770	35239	29527	5517
38926	55858	9268	48567	47596
4192	24040	828	145	48592
970	2250	749	2001	1383
38974	23149	18774	25805	34259
2797	9838	2802	26804	26805
39014	37697	39024	61529	24121
39057	39063	39062	39058	47589
281	25	101	2170	469
3261	386	457	100	18
21013	21012	21014	21015	21020
977	978	512	555	278
38	13724	1701	697	5
23536	3465	437	11002	2980
1528	1534	41189	1556	47452
946	1575	1831	1451	800
1142	2728	1590	1831	587
101	281	469	246	34
5182	3693	12484	311	3681
670	4122	526	2944	75
303	545	2187	4247	8664
39279	40864	36687	33520	55678
3952	750	9501	552	5
7779	7801	14399	2871	116
39356	21533	21521	4517	33842
24016	18673	1094	1089	1152
2728	1590	250	1831	615
39394	49694	39398	28173	28172
2148	3145	3884	7046	3333
12306	30558	17967	13036	1436
9807	39472	39464	39470	39491
5076	924	291	100	3150
4790	3812	3226	13918	1140
547	2660	14795	3895	2993
39554	32882	28147	54686	21956
28836	20017	10876	588	13678
828	177	7036	218	2661
351	847	272	469	514
37	564	100	75	18
4254	34581	670	2963	1211
120	13138	23094	17531	121
4446	7587	39780	39787	2193
18526	1144	26351	78	29805
39823	27815	54487	11011	1607
366	9112	1511	2247	9108
39846	8440	22452	31067	22461
3600	924	717	2690	24
39890	19420	41722	37812	6600
270	298	2614	9149	6284
39953	28402	45272	41556	60552
14223	18440	40049	58982	2250
14875	10377	40001	1780	1144
270	4903	298	346	1702
442	3630	1204	8702	2660
10394	7446	302	410	369
724	3353	3903	3891	828
40130	31947	31952	40134	5179
4022	5280	3045	1304	45
22467	7887	3600	20978	1676
6284	2581	270	290	2374
2151	270	4903	298	346
40239	54762	58778	25835	18726
116	7599	854	12221	7801
2926	2994	1033	10298	847
4076	3693	4876	4831	3315
1407	561	686	9312	595
606	605	563	599	574
40368	6525	54711	37740	48615
47452	7415	13723	2946	13724
599	448	607	606	568
1702	561	307	11	1528
697	11	5	10	1
11	697	5	1	10
154	808	592	1678	3205
40409	2559	2567	29353	2558
20876	35683	18306	16425	28467
15488	6151	13321	9036	18954
40539	16020	4215	2946	1570
29726	2020	2015	1719	603
2467	3646	471	3280	1030
5	11	697	555	3823
40612	2187	303	18304	4247
24040	145	48592	3353	724
40655	6085	3353	8053	3891
145	44647	4192	11054	7036
13	1	703	227	9
18607	12056	3235	5634	8344
154	808	592	1678	3205
40774	24136	57535	57991	40759
3000	3966	192	808	154
697	1	10	750	703
3646	34310	2467	35933	3686
40874	10339	56391	58518	58534
24	100	2690	25	458
10322	10316	10324	359	5150
34	1142	2728	1590	1831
2614	298	6284	2374	2581
149	165	158	4049	45291
3	277	555	8	703
40992	59306	13875	59318	24580
40996	31098	57115	52054	15676
41026	41011	41029	15613	24611
756	2909	3401	12501	3145
5649	5650	2504	5627	9178
4131	11851	11892	10836	11843
6575	281	101	469	5591
581	18	1	5	703
1702	2151	346	754	4903
891	1831	2728	1142	636
2567	2564	3119	2559	1082
41178	3304	36873	41183	8262
7198	1077	240	5639	233
41203	41199	41201	41195	41194
2396	236	7443	2079	934
23901	51456	51457	23870	7954
20851	50614	2926	7536	6311
250	101	246	584	1831
6806	426	341	847	2774
34833	41306	41329	41320	41309
24843	41445	4970	41254	29527
754	1528	1702	4903	561
41384	26474	29575	26244	32718
28302	41397	10177	19048	2574
9	750	13	5	740
606	448	9818	10464	605
41439	1020	43146	56029	41444
16485	13838	1881	13836	3914
1333	737	235	28	8813
41507	41496	41508	41516	41522
1212	2170	281	5831	3620
298	2614	9149	6284	574
35176	49336	49337	10798	11028
703	9	750	13	5
41628	36618	343	41627	32437
11657	8796	46	40605	35862
3000	3001	3966	7761	7599
564	100	715	432	459
41773	41772	46149	56611	56614
670	775	1211	252	985
3980	1304	3823	18	3632
3628	547	4247	3630	3895
37050	16582	41907	10486	41901
41940	36631	12637	19439	29335
6249	8823	5549	737	555
15339	5837	2187	1068	8664
34	1142	2728	1590	1831
24870	15109	4118	3934	7732
11	555	3823	581	697
154	1678	808	592	1142
9731	192	3000	2661	7117
1215	75	956	18	432
6421	426	3280	471	2564
42061	45081	40551	45082	29260
737	235	55	28	8813
22431	2458	11089	2978	61022
19202	31655	7926	22312	38168
703	9	750	13	5
17389	3143	11946	10387	11948
3353	828	218	4192	145
1188	809	847	351	514
2001	1383	721	4228	14224
42205	33455	38035	6857	43771
3861	2900	2427	891	615
2909	756	3145	437	12501
12369	828	218	16877	35409
4449	4645	432	5634	18
43	5	11	697	555
35987	9866	20754	7929	20753
469	252	775	18	1267
856	1831	34	1142	1197
42302	27749	42307	42306	15772
42345	42337	49215	59942	49229
1	277	703	13	9
733	571	611	24113	7699
154	808	1678	592	3205
20169	43092	7056	5434	726
6033	38728	6034	51565	51992
42457	42456	50852	22750	61860
750	703	9	10	740
2525	1666	240	457	77
18755	16328	9903	6311	1373
11386	15978	8450	7827	3787
847	272	469	1188	514
26348	42578	42581	3715	2852
1678	7262	2728	12355	2126
1310	1831	734	250	2728
14351	13306	1094	485	688
9785	2900	615	34	1142
17464	47271	47260	3195	32775
5120	1082	250	1831	2320
3884	3145	2148	3333	6021
11650	7103	3541	10658	42759
571	6143	24113	7699	25614
828	218	587	233	1361
42939	9439	33914	28143	7394
13837	15082	15103	16486	15104
369	75	302	432	775
12294	154	783	592	12355
725	426	76	2774	6806
233	457	587	584	734
697	11	5	10	750
4860	405	311	6931	3693
6058	277	703	13	9
9	750	13	5	740
7878	7056	5434	726	9422
3280	437	471	756	76
33844	51531	42952	5975	8966
545	2187	271	4247	8664
750	16113	227	4234	703
551	623	11	697	19
3444	38986	42910	26798	9839
42809	471	7381	3646	43224
3686	7721	471	3283	9860
20543	3169	3970	341	1255
372	154	18285	3273	2513
246	3685	54	45	250
192	3966	2661	417	1082
31914	584	5481	4812	6248
43519	1851	441	3389	442
11975	985	58155	4324	5591
284	9	8	1	278
43572	57436	15138	53788	30450
14150	281	5101	6794	5831
2159	7262	9461	2126	800
101	250	3114	56	1118
10850	8331	257	6295	22662
43643	43641	6996	44750	46053
26311	35508	35510	31887	43658
18	3235	75	100	581
2306	45	18	1390	3823
19	754	1702	270	11
1188	469	514	101	809
703	9	750	13	5
101	250	56	1118	690
31224	2392	1661	4812	57268
246	56	1082	1376	2427
4254	670	34581	1211	2963
6806	341	847	2774	1686
828	145	218	177	587
43967	43966	55668	35178	34539
2909	2149	3145	12501	165
44010	51797	12386	11048	60086
302	75	1423	432	18
34	1142	2728	1590	1831
1021	3693	53154	24285	36622
1615	6193	42492	929	6941
514	351	9983	272	12525
3126	1082	1686	1118	3114
1702	11	754	346	1
44150	44146	44145	9727	9773
5876	10660	3921	38567	41190
25	458	18	281	469
34	1142	2728	1590	587
555	5	703	10	3823
42431	42249	7094	13373	18751
246	3114	930	1082	1190
4834	36607	36608	4856	4811
1030	3646	3686	426	2467
1061	7699	1071	611	571
34	1142	2728	1590	1831
44305	44310	44317	44307	44321
52032	8972	15859	38895	22825
7421	14344	748	288	3733
3235	75	581	432	100
6522	304	6474	2686	752
1557	227	235	266	28
11993	31151	2216	53282	603
1188	351	809	847	3969
2384	18	432	75	1304
8526	2488	2478	929	2867
8328	36	8331	3226	10
4122	2944	76	11455	440
14969	34438	56660	32706	28200
526	76	576	480	2941
26762	53360	29550	58381	28447
2746	1457	1140	43	4009
386	1272	1686	3685	1067
145	587	7036	233	3353
3353	3903	218	4192	145
2564	3119	3114	1082	194
2544	1361	2853	2661	7036
1	703	9	750	5
9338	3140	19	43	1702
10103	11530	4446	6025	2179
30699	44	2761	3195	37
1	3235	16350	703	449
1	703	9	750	13
3666	341	3970	3118	2004
8507	6718	8506	2454	14644
250	34	584	246	101
615	2161	34	1142	2728
569	1	9	703	13
44928	26394	51851	59175	48831
14023	1729	603	11103	23458
19534	9434	6775	5535	2797
2980	3280	437	12677	11002
606	568	448	10464	605
14931	27275	45032	45030	38830
41133	45058	45056	45057	45053
302	75	432	18	1423
7838	552	1570	593	2946
27345	18730	29380	47584	60579
35242	545	5642	10302	43416
1	703	9	750	5
9898	47479	21383	16995	38563
1267	35311	6985	9033	24833
4742	372	179	23245	764
13063	2370	573	2728	3328
3258	1511	5650	5627	19055
11200	3803	11193	11199	16815
45304	48420	14637	32299	18845
2614	270	7715	6284	578
581	18	1	5	457
43	5	697	11	555
562	934	30	77	54
27183	1453	15223	11055	28738
6344	17273	3002	19150	5460
18	3235	581	75	100
29458	23482	45444	23463	23468
44612	3084	27768	31656	17818
45502	45501	45500	41612	26164
417	1945	192	2900	3333
45534	49117	19568	21447	10776
9149	2574	574	5649	3156
1067	1082	930	660	2444
7035	116	3000	192	1945
19689	33146	15580	53903	18476
303	545	2187	271	4247
6372	30698	12100	12724	45629
4234	43	750	3952	5
2148	3145	2900	3333	165
467	43101	45701	8313	45707
46031	9941	6594	4831	24504
45751	20926	45384	4877	35972
5909	1197	250	1831	2320
8062	3354	587	585	1268
4160	43727	7807	50557	1022
34	1142	2728	1590	250
10299	15651	15652	15648	15650
45901	7796	47447	11986	30599
45921	56124	28196	27780	1405
246	847	386	584	3126
251	253	985	775	19051
23589	8053	30485	45949	40089
2909	2149	3145	12501	2980
46004	46007	11672	6635	20785
44529	44530	34924	30793	44519
46037	23895	19036	4912	55428
46043	1486	49246	52117	39771
1204	442	3630	8702	2660
31037	46100	715	1390	2952
46134	46129	55712	37138	51788
3609	1573	946	852	1859
18	3235	75	100	581
46234	14354	43967	34539	32706
615	2161	34	1142	2728
165	3333	3145	8034	756
17272	293	8811	12377	7415
252	775	1267	469	670
39942	26092	9818	2612	30622
828	145	44647	4192	11054
46351	53125	42828	17961	29154
1	11	703	7837	750
2567	2564	2559	3119	1945
46458	33194	53255	56982	39956
46479	46483	2757	46482	46481
3431	2660	1850	441	3432
252	469	956	369	100
15007	12868	14330	24198	1912
46571	27514	27516	27517	10475
9528	7536	5888	27059	10928
18660	56683	56682	1007	1005
1303	1302	459	924	18
145	44647	11054	7036	1818
458	18	469	281	252
16440	7418	9959	14938	56622
18465	11946	22213	3143	46639
14697	28731	46658	12363	2069
11824	307	4522	11096	304
14189	46716	14188	30931	17229
426	2774	3667	6407	10965
2504	5650	5649	48	12461
25	458	18	469	281
46814	14234	47035	13382	49397
27336	27331	9729	8619	629
719	1	5	839	9
12356	41	458	29	7313
3235	75	100	581	432
11700	9233	555	10	5
46890	5451	14197	76	3013
12873	6409	1191	1147	1182
4206	26916	46931	7322	7412
12013	8840	3811	4112	8799
10292	992	2994	12751	4527
47021	51466	51461	37512	19098
1061	3284	1314	611	571
2504	5650	5649	48	5627
13755	25739	13232	10562	25741
7201	12865	47090	2471	51966
10576	5891	58518	2004	9997
6235	2871	13584	8752	7801
41497	41496	51992	47576	5161
47176	21914	24672	54733	21442
1197	250	236	54	30
3930	170	1912	12868	4118
25	101	2170	29	469
7402	5	703	10	8
1957	16336	58530	12406	27960
47355	45417	35561	40416	8349
47375	32603	57972	49114	28227
13683	47409	47407	47401	47405
25708	752	5297	367	27630
47443	20169	726	10232	7123
34	1142	2728	1590	587
47466	57798	22767	43771	49257
3921	2148	3145	2469	3884
377	372	386	1094	7377
17175	14793	59711	41402	14863
3600	924	717	2690	24
34118	1913	7732	3886	7780
366	3124	14527	9112	1511
37711	9698	31781	8069	8019
47611	24136	30960	47607	17824
3165	587	3354	233	145
47644	6467	6466	43381	13128
1	703	9	750	5
3060	457	7402	77	506
717	715	1993	924	2
48107	47912	48000	42341	47999
43	4234	5	697	3952
2728	1142	34	1831	891
48301	1055	45614	58664	48299
5566	574	6828	618	270
7056	5434	726	10232	725
42203	3693	11285	18546	3640
9095	5663	57535	55398	51064
2299	39067	21998	43653	2294
34	1142	2728	1590	1831
24037	3915	939	3056	8826
933	48453	3055	5644	39574
5253	47196	14394	17527	1480
341	3970	775	252	253
2524	929	36622	1089	3693
25985	25986	41533	25441	21417
218	828	145	44647	11054
3001	8019	8069	211	10070
3143	679	2995	11946	3284
3630	547	440	3895	442
24	100	77	2690	25
48652	10464	10436	606	10454
48666	48679	48668	41105	44349
12123	40466	11837	12279	31130
257	4781	5	10	697
55	28	266	12	235
19	754	1702	11	2151
1033	2926	2941	670	7752
2926	1012	17242	6973	10298
194	1067	660	1082	327
3126	3045	2384	45	1215
4078	48806	48813	26419	40502
703	9	750	13	555
33229	341	44802	3970	469
1142	2728	1590	250	1831
29	25	458	281	41
48855	1349	35311	50336	24834
3540	13399	55008	24185	24175
1390	924	717	18	100
30172	7295	8218	48908	14478
48935	47375	54042	32603	55096
12412	1094	4833	4919	3315
3390	480	253	78	440
192	3000	3966	2661	417
48976	11438	1226	440	2841
49054	49053	49026	49007	49015
12531	1214	369	75	4175
23455	1381	49140	9891	5976
457	581	587	30	18
18407	14170	4234	42	43
42657	9790	40531	9691	23137
6421	3280	471	2564	6780
49194	57266	16915	29366	56918
37368	14531	42336	37369	37376
26025	26024	56857	26016	25963
10552	7464	4280	31247	1254
49301	43798	37878	49409	49401
23678	35562	40716	7308	19983
4009	648	2746	2175	3071
1033	2926	2941	7752	670
9434	26804	2797	2806	2802
2615	2584	15833	366	15827
36577	6684	6517	38974	8619
49396	19936	43635	44359	27993
49441	21441	20105	34938	34260
36091	2412	25683	578	614
7036	35409	44677	828	48433
250	34	1142	1831	101
10451	2337	367	7603	2411
101	250	1118	56	3114
775	1267	469	670	432
29182	13918	4545	3226	3703
6915	49558	11818	13496	36564
26888	30885	26880	8984	26887
49633	49625	49626	60863	55341
49649	8646	298	8667	4903
6650	9701	2098	12049	5263
7721	3686	3283	9860	9426
7021	2544	177	35409	5227
3348	22	5614	2550	14381
49712	20254	45767	19592	35332
1	703	5	9	10
49741	46570	32099	9898	42832
14676	34082	19188	39695	12637
2247	9108	9112	366	2308
24	100	77	2690	458
49856	1300	14224	4984	19972
45800	5663	16201	26788	7609
386	1272	1686	3685	1067
18971	18964	18966	14750	18965
1831	250	77	5909	2320
1067	660	1082	194	327
1920	3205	8299	566	3201
19371	35578	1937	19402	18908
49982	49985	49988	29482	50007
2359	7603	324	614	2720
440	442	1204	5263	3449
8819	43695	978	48856	8826
50164	33140	26249	31374	12235
50176	53814	33288	50173	30456
679	3284	4353	3307	1314
308	7015	1575	1877	2541
853	4966	2726	1644	734
29	25	458	281	100
15545	34860	34859	28984	29492
4742	3003	592	1678	2728
100	77	25	458	29
101	3114	1118	56	690
10254	246	660	327	1082
1555	508	12	1557	1280
50463	50476	10033	53408	27716
775	252	1267	985	6985
3520	576	1204	3432	9429
679	3284	3307	4353	1314
50557	19435	14524	11055	19408
27514	27516	27517	50234	3145
714	7415	8374	24958	434
50601	25966	33689	41372	40943
50631	49330	61416	49885	46053
13714	2660	441	3431	442
14224	2001	2250	721	1297
50672	3149	8655	17658	12058
775	1267	469	985	432
3205	154	1678	808	566
1267	469	75	985	6985
842	10342	44691	51818	8367
37710	44326	1913	7144	14983
27709	253	523	27697	78
9251	1115	660	246	689
29775	26751	50733	14545	19456
50625	50763	37553	50755	50760
457	30	236	581	77
50856	9711	22069	49684	17803
10776	23274	59255	51992	32895
75	956	1215	1135	432
775	670	78	1208	251
1142	2728	1590	615	1831
20449	21955	26228	42950	47750
2774	6806	33209	10965	427
4781	12	55	1319	266
44677	35409	7036	48433	2661
1550	7858	16144	9501	43171
51077	3226	4545	4293	34051
8331	277	457	555	703
51103	39776	28627	11602	7225
1082	1100	426	3126	1190
978	457	100	924	37
101	246	250	847	386
23700	3858	698	1473	12767
51167	60138	60144	6784	60137
2780	2757	3078	25052	38
1767	6294	552	1570	717
22352	28503	26413	22361	1551
9	13	507	266	227
3071	717	924	715	1993
51321	39685	30861	53740	27867
10019	9983	5656	514	3168
5847	425	929	59665	27960
3918	3228	12868	34585	15726
3966	3000	192	2661	7117
440	442	3630	8702	9503
568	448	606	9818	605
7955	21758	10844	45418	43225
51457	41213	7942	23870	7954
1142	2728	1590	615	1831
1589	270	298	6284	2614
45862	10968	10969	34718	34668
14449	53503	8202	14444	775
13784	1686	362	2814	6491
386	100	457	18	3126
3261	386	457	100	18
3801	4112	2757	964	13724
145	218	177	587	233
3194	303	8664	1068	2187
703	9	750	13	5
4307	2952	1304	19786	18347
23347	3315	4196	419	4876
39772	154	1142	3929	1678
250	1831	1142	636	34
51811	15227	54144	51808	18002
19494	19933	51823	42585	18204
51853	51839	28613	51846	4102
1245	246	660	1082	101
51897	16012	51902	3832	16035
25884	1642	313	4886	327
51936	17773	23646	18906	16201
1310	1197	4376	809	1831
28689	50913	25028	55922	60505
12857	566	37536	17945	3205
703	9	750	13	740
32471	16415	59657	3219	1051
11	697	5	1	10
34	1142	2728	1590	587
44333	21878	44332	15859	19890
3119	6378	3280	2980	3686
5542	7086	2868	1067	194
7573	9786	16130	7541	1418
33843	52100	7029	58085	52105
52137	24308	18287	5953	59199
432	449	75	18	302
298	2614	9149	6284	7715
22632	587	5105	1745	592
8653	10276	4903	484	2151
48007	16144	1550	11381	7858
429	11473	11463	52207	11294
2098	2941	4123	670	1215
410	1487	3090	5633	1416
4903	270	2151	346	298
2150	5614	1831	891	1451
3936	2320	584	250	583
52317	29570	27370	28487	43225
457	54	587	581	18
52338	20017	6763	17479	4409
52370	53955	29942	53930	52376
5813	2170	3620	11133	1212
3778	2660	440	3630	1204
4285	670	2948	1211	642
1142	2728	1590	250	1831
4699	52494	52488	52489	16459
432	302	18	775	252
52506	52508	52507	52505	46031
31989	684	485	3039	20107
946	1575	1451	1831	2541
13838	15093	7732	1881	3914
40373	3765	22169	13054	6768
52571	37846	16899	53129	13111
1119	4831	1087	17555	1245
52604	18726	58095	58089	52950
27593	52621	45923	47651	9360
14782	19966	11141	32234	10103
2832	3630	14795	3778	440
1152	351	1067	847	1245
495	18236	3707	227	9
52699	38818	35228	55429	43951
440	442	3630	1204	2660
11053	10847	5	12060	10
1371	1067	4886	660	6026
303	545	2187	271	4247
3119	3114	1082	194	1067
703	9	750	13	5
19920	5636	11276	6971	7443
10230	3106	449	459	432
226	56	3114	246	2427
703	9	750	13	740
170	3918	3228	12868	34585
8386	1436	28098	7887	12368
426	76	2774	522	6806
924	1304	715	2952	1140
703	257	3952	457	8
11860	1757	52979	11861	6611
17346	10690	20217	1125	22764
53128	46446	36129	31437	53127
15753	352	351	272	6491
1	703	9	750	740
41657	28145	11345	15168	3370
442	3630	1204	2660	8702
1877	9461	1451	2528	286
2614	270	7715	2374	6284
46322	54538	23746	54535	23736
606	568	448	10464	605
6861	43342	6596	43492	9577
15227	60473	13113	661	1326
39368	45971	5158	9291	385
934	77	562	30	45
8799	6012	5695	4444	25757
1306	40804	10690	20876	24322
53340	53355	53339	53346	53335
725	2774	426	38183	3009
351	1188	101	246	1686
50367	4504	2488	44203	929
457	587	584	34	1142
14422	1894	5227	15835	2661
2198	2196	199	8034	12434
53493	60727	49485	54144	54147
35682	33434	35683	1453	27846
11	697	5	1	10
3221	615	2161	636	34
5263	547	4325	3630	14266
25218	53627	35240	53098	53626
53657	59979	26394	54257	32051
283	77	562	3195	236
704	11	839	449	432
7402	5	703	10	8
587	3354	34	457	1142
53724	33710	55661	35121	54515
36002	36004	33718	19937	6444
246	101	250	3114	56
1979	457	3812	1666	709
435	469	1267	302	252
6344	3632	6326	6025	24
34	1142	2728	1590	1831
2089	39461	1796	39472	39470
11358	828	4888	177	2661
43654	53894	51312	51316	15403
53937	53936	55621	53935	53918
53988	42638	7952	50835	61621
23508	23503	37523	37528	19123
1303	1304	459	432	45
5011	54003	5074	1762	1676
49325	54025	53786	53785	17814
54038	54128	17561	54976	30774
545	303	271	4247	2187
6757	13054	13239	7882	8810
2485	847	13170	351	1152
1268	587	2526	3165	3354
54169	16382	54171	54183	39017
29	100	386	715	458
7838	693	236	240	593
4903	298	346	1702	754
21776	10703	20254	6467	21790
54269	54274	54310	54305	54270
1204	3449	441	1851	440
12013	3811	4112	20711	5560
18	75	3235	581	432
52235	52213	33267	52216	61160
5858	419	2967	2814	5849
40330	32803	32784	448	54548
3106	10230	449	1391	291
440	442	3630	1204	2660
3280	6780	2980	9781	437
14795	2660	3449	12679	442
12531	1214	369	75	5897
1686	6806	1067	2994	1082
8819	939	8817	978	50066
54696	24622	20831	36944	38735
3761	3760	61586	1711	21734
50582	6698	16397	28086	346
303	545	2187	4247	717
54781	8880	38818	22715	35435
34178	10394	7446	9158	40060
599	10702	448	607	606
1272	350	12751	23357	2814
3165	3354	145	233	1361
3893	3883	7732	14326	15093
18	3235	75	581	432
14021	14005	14022	6651	14011
8095	2308	2584	2702	2615
101	250	56	3114	690
41092	3550	6805	3388	8175
281	101	469	5591	386
21526	1268	1361	45805	3354
15793	114	808	3000	154
54962	1104	17439	557	389
3205	154	1678	808	566
15888	5301	2581	5465	2654
3803	1686	350	1067	930
19333	5003	2690	3600	2170
745	278	555	5	3823
33468	3001	26720	8069	13309
615	2161	1142	2728	1590
55053	21040	19247	768	49784
16275	58314	10010	4259	14334
578	2614	367	2686	2337
1142	2728	1590	587	1831
55172	46883	55147	46737	55143
1402	10134	717	715	1993
55233	46489	59078	59034	59032
8843	24920	1	24898	8
55253	55990	53552	3790	48000
417	1945	192	2900	3333
19774	5300	6421	2564	1618
9785	2900	615	34	1142
55311	55310	55312	35507	43663
1142	2728	1590	587	250
556	34	457	250	1142
1831	250	734	2728	636
55403	55402	39260	33548	47984
55449	51675	34231	47569	52693
8034	199	2198	2196	165
19370	6594	2464	16870	1078
5591	775	75	1267	469
3462	42755	42819	55553	15967
11631	754	3109	11091	307
50632	54657	33739	32492	55604
51101	16361	28086	346	12240
19111	55633	38865	22436	51233
55662	46091	45760	44900	4028
15165	15304	32767	24332	31501
25165	2384	3685	3126	1118
567	6726	3149	50672	17658
3811	12013	8840	4112	5695
55783	59522	32177	53888	46450
985	775	252	1211	670
33389	24885	5650	28854	2504
3734	1661	2454	2488	929
7381	3646	471	3686	2467
54	587	581	18	34
703	9	750	13	740
1197	1831	5909	250	2320
2504	5650	5649	48	12461
20254	49419	5165	55712	803
55934	57502	60505	31652	34879
568	563	605	606	56964
351	847	272	1188	469
35077	5817	55973	52883	29511
426	2774	6806	3114	847
7330	600	7252	7253	13132
6338	4935	6335	1103	53987
724	828	218	4192	31100
56106	39628	60558	45178	57985
49985	2078	13456	49982	49990
34	1142	2728	1590	1831
56221	21790	60238	49275	21952
272	469	101	252	775
194	1067	660	1082	246
154	808	592	3205	1678
828	44647	145	4192	11054
1142	2728	1590	587	1831
2151	270	4903	298	346
33	346	8740	1197	4192
11188	2231	15990	4652	16024
13	703	1	9	227
11	10	750	839	703
42713	26813	56350	56365	56355
2924	594	2972	12060	19770
4934	10112	15748	4848	14782
271	4247	303	2187	545
56478	41067	53214	47838	19848
9609	846	22312	21377	27960
934	77	30	7443	236
3045	3126	7900	5077	14825
3698	386	3685	350	389
16512	16496	33	41752	8740
7699	1314	679	611	1062
1077	9959	908	5457	233
298	2614	9149	6284	574
2814	12751	2774	1272	930
346	1528	602	1702	754
16527	51827	26666	51819	32040
56760	56753	13174	5199	15204
2660	442	1204	3449	441
15391	34894	12736	44529	7334
60413	56798	56799	28084	15073
22690	929	22830	2488	6491
4192	24040	48592	218	828
1103	459	4444	1993	3126
298	9149	6284	2581	7715
1301	13723	12377	6160	594
100	77	25	458	18
1618	1664	1661	2456	2455
30894	30895	28906	56416	42897
775	1211	670	5263	75
250	1142	636	587	457
3307	1171	3284	34	679
56949	56948	52496	56708	56957
54	587	581	18	555
1912	7732	14330	3914	15093
57009	43162	17843	40188	51218
19455	1078	1067	194	21390
571	3284	611	24113	679
15093	7732	3914	1881	13838
25	458	18	281	469
17940	3205	566	575	1827
5207	1831	783	636	891
46271	2701	2440	911	417
23869	3950	4190	386	1094
3000	154	808	116	179
3353	4192	177	724	57104
43162	22320	3050	21401	20834
57152	9665	1844	3777	13826
1282	1283	587	585	11357
6743	14347	26212	6355	1067
14044	44900	14043	3619	53768
177	2661	195	218	44649
1100	3126	1082	660	1686
253	19051	985	775	78
26	28	235	266	13
3165	3354	233	145	828
246	101	250	56	3114
1945	192	3333	9800	615
2015	603	2520	3140	762
346	1702	561	307	11
5976	5591	775	252	1267
57338	57340	17769	10788	17222
4307	2952	1304	18347	19786
101	250	56	1118	690
26895	54832	34926	10216	54107
1082	327	660	1831	417
16527	51827	26666	51819	32040
298	2614	7715	9149	6284
246	660	327	1082	3114
1142	34	1831	891	250
7015	154	592	1678	2528
57441	57438	53788	57440	43540
57449	57455	33975	57450	57444
3235	75	581	432	100
16382	44889	54170	12697	54169
224	18604	225	4162	26787
57521	57520	9613	58553	26255
302	75	432	18	1423
2729	1831	856	734	2728
775	1267	469	75	6985
386	372	350	2907	1094
36932	24139	57613	57617	51975
6726	346	5475	307	5526
7061	4257	223	5217	690
1142	2728	1590	587	250
57653	9716	13406	8373	11346
4112	958	38	8799	12013
717	924	715	459	1993
21123	270	4937	9149	298
8599	29858	3315	1094	386
51908	46677	57712	1696	57717
1087	5217	1067	194	1082
2308	9112	2247	8095	8668
2980	6421	3465	11002	471
33652	60040	19941	57827	28519
57848	57847	35178	18258	43967
78	253	26351	49655	523
57906	1894	24488	24313	51047
1	9	750	5	13
44535	57936	53740	57939	40959
2752	432	449	5003	2690
57962	57972	33901	57973	33821
3276	3265	1077	7320	9539
3353	828	3903	218	4192
302	1423	75	432	369
1300	8379	623	721	17376
14890	31900	2002	43404	16
6421	426	3280	2564	471
5976	5591	775	252	1267
58130	58129	53268	58134	61066
19770	1304	43	3823	5
2909	2149	437	3145	165
3109	3749	10814	19	754
6121	679	3284	6120	571
6804	1390	924	717	100
276	839	683	512	4781
2001	721	2250	552	16999
53738	37195	49416	58376	54245
28184	565	8796	18834	2115
43053	15334	54208	39215	7707
5085	13223	4043	13227	20240
75	432	18	1423	469
640	1945	417	192	3333
3808	4765	30558	2115	35
636	1831	1142	34	2728
15151	3393	3467	50521	473
1399	1391	459	1418	1026
440	442	3630	1204	8702
23030	1536	24920	24898	8
2115	37	1784	2079	273
58385	39124	58384	23770	26327
432	75	449	302	252
8	9	1	13	507
8268	576	76	3013	2944
58426	6469	2365	1644	1877
23238	17524	8507	58451	1373
11275	20521	9557	22393	2078
6125	3742	5	10	7405
2015	603	2520	3140	762
2003	10339	2004	39202	4312
3350	1436	7443	2396	2273
100	18	924	3235	564
56	250	3114	690	1082
6477	367	2412	1588	2686
1729	603	1719	2028	29726
593	18	5	1	750
3205	566	724	12323	3353
16990	35912	21522	25948	41000
703	9	750	13	740
34	1142	2728	1590	1831
432	18	775	252	469
11995	59038	46488	41893	38157
13723	24958	507	8	703
6780	3280	437	12677	11002
58796	58795	45413	39278	61504
9	13	507	266	28
10075	2444	24285	4895	327
5434	9422	7119	7056	7123
1152	1067	351	847	1245
58856	61676	30421	25106	31908
58876	34194	28787	30337	18726
3000	3966	192	808	154
52026	2247	400	9112	2697
58925	16769	50834	53649	30412
4745	4744	4768	4746	4743
7858	3952	43	5	10
12381	4352	4253	12025	2746
58963	33945	33934	29717	33911
1407	686	9312	595	3733
101	250	3114	56	1118
4580	18712	54050	3219	4175
59019	59773	38744	19041	46925
5500	59047	3715	5509	171
808	592	1142	34	12355
545	303	271	4247	2187
59109	28267	7272	5597	21412
14473	259	2513	5207	2728
1319	55	12	47	1557
59174	60371	47154	1711	33448
44713	44715	7939	44714	724
19448	19453	45730	9269	19447
59215	35356	59216	40861	57590
2914	636	615	2726	1451
246	77	3126	3685	54
585	3354	587	145	1282
12643	946	1831	1575	1451
59297	13240	40925	42589	55748
59318	13875	40321	2363	24581
44868	50847	16461	44869	50827
703	9	750	13	5
5	1	10	703	750
597	1538	1590	7186	1
59395	48582	59393	35369	10979
55213	59420	52639	14248	38680
4231	459	924	717	6804
2526	1197	856	250	587
459	924	956	432	1304
59465	59464	59460	59463	35792
59523	2906	38833	16598	43063
39921	2615	5450	8102	1796
28050	11979	11978	17389	11946
298	2614	9149	6284	574
38428	7956	19	16679	17967
30472	5828	6344	3002	6335
16130	7541	14134	10836	7576
27145	21276	28145	22985	10244
22297	5100	5924	52589	955
47668	59673	12881	3353	8299
2974	34367	4023	58358	4043
252	775	1267	469	75
19049	40332	41415	59711	9818
59459	16163	59702	40761	4096
59777	5960	42681	39226	42683
5105	1	703	581	9
38183	522	3011	6775	7721
734	1831	1575	2728	636
6065	5207	636	2153	2541
31100	3903	24038	3358	828
703	9	750	13	5
568	606	599	574	578
59850	40839	44518	6814	58413
36221	18697	24603	36556	29715
59913	57266	53805	35775	51364
750	697	703	555	581
17892	11929	3749	15356	3971
47	55	12	508	1319
8913	3219	18834	562	933
34	1142	2728	1590	250
24052	43486	60023	28447	39899
11	697	5	1	10
18	3235	75	581	432
60065	45497	58878	37017	49088
3802	1140	1736	3075	1304
1204	442	3630	8702	2660
3235	581	432	100	302
56229	53946	60097	59691	20610
307	11096	4522	2686	2614
28153	28154	34872	7135	60122
56	246	3114	930	1082
36528	60233	60232	19624	60238
8775	956	1215	75	369
34	1142	597	6123	12355
2995	77	54	3126	3685
11356	11350	11054	24040	218
5003	2690	24	458	5012
11323	14224	5314	1300	4005
34	1142	2728	1590	1831
16247	9891	5976	5591	11192
7976	37	54	236	562
14828	348	4176	5591	6963
60454	34810	51912	18774	20876
2440	417	2513	2439	327
28044	28043	50749	15227	31546
3038	5440	61886	53102	12407
29504	31129	37807	17144	32464
3929	808	2728	1142	34
561	346	1528	602	1702
734	2728	34	1831	1142
14024	60573	1089	929	16832
5	697	4781	750	703
45	18	1390	3823	25
28624	60605	60604	60611	60606
10387	11946	10226	22213	3143
42164	60642	11395	60636	37480
60684	14886	10390	33893	60784
457	250	34	1142	1831
12369	7036	16877	35409	145
1644	1831	636	856	9622
35977	15781	12161	60745	58840
4904	11830	9126	2151	49649
58195	59982	28079	13555	48463
54	457	581	587	18
2911	22087	15174	21529	56989
16219	2183	8352	442	1849
284	9	8	278	5
4111	15049	2312	32251	41782
270	2614	7715	9149	6284
5	1	10	750	703
5901	51711	7536	5873	42283
1785	60936	43197	36224	17427
23534	7603	20241	2412	2686
679	3284	3307	4353	1314
2273	3195	3090	77	2396
75	432	369	302	1211
38132	721	624	3976	2972
1297	2001	2250	721	16999
2296	3003	45201	376	9242
15082	15103	13838	13836	1881
61100	61090	56094	25942	22760
1831	34	1142	2728	250
23309	38615	26130	20088	23310
2384	3126	75	18	1100
18	3235	75	581	432
2392	1082	327	660	1831
61160	52235	52216	52244	52213
60060	43206	60061	37203	46076
11933	1418	924	3235	100
1307	154	592	892	17987
3284	1061	7699	1314	3307
5169	8823	18977	693	15929
34	1142	2728	1590	587
2249	3641	469	514	6575
3280	2980	3119	426	3686
8497	43497	20146	50487	47685
298	2614	9149	574	7715
4966	9968	21608	2924	16790
38071	2488	4398	5485	1685
1	703	9	750	5
2525	240	457	734	1831
1215	369	432	486	956
615	2161	34	1142	2728
2995	77	3685	3126	54
432	75	449	18	302
3207	4360	4001	18977	5169
14965	36470	21725	20720	36469
911	783	2541	5207	800
5591	252	775	1267	75
61485	21783	49443	29507	51892
61494	31926	33523	61496	33181
61507	4422	15516	9888	50657
61524	20660	1088	30802	30664
6586	19193	49628	21000	21865
61576	34312	61573	7388	3687
61586	58173	34672	36537	21611
2306	45	18	1390	3823
775	670	252	3390	341
191	21584	1960	48522	4398
21544	32322	3633	4207	3959
18	3235	75	581	432
2247	9108	9112	2308	366
24658	21442	37201	29457	39627
20301	25894	26242	3640	28002
4449	5634	432	18	1214
61757	61760	61761	52975	33770
3168	5656	9983	469	514
41412	59713	61785	60445	41414
19888	924	5233	3947	16
2308	2584	2615	2247	2702
61845	36442	51744	61513	29823
12529	12449	2147	13180	3262
