685	11	706	904	702
3115	171	3106	18607	259
12231	42455	56112	37003	18709
966	40936	43342	44475	47048
702	904	600	481	4655
37879	799	18261	4890	8662
409	1262	55986	16781	18624
435	600	99	481	3233
702	904	600	481	4655
581	12068	56589	52747	16501
5200	47889	803	38922	1236
237	6075	5028	8819	48785
1258	14037	1156	11354	20473
23026	14885	29	11234	3852
1031	9080	26532	614	25707
1111	15858	54054	51062	8378
1196	19309	10365	33860	1948
966	14497	58685	44809	38754
299	7598	3221	57896	43013
1499	3130	30189	59103	13855
56724	15320	17896	15304	19316
1990	15685	42249	56752	23099
1156	121	259	1204	2156
2187	11540	21047	22050	20507
55417	943	53522	1805	25968
2353	3130	56872	9195	20054
2447	6060	47987	7688	132
2537	1324	5640	26532	32507
2705	59710	41005	45219	26133
352	41760	16534	50574	36135
2543	29	7416	9954	47077
3115	171	259	3106	51954
2834	13996	243	3728	49818
2456	11575	8021	9800	52551
30	57346	13752	2523	22515
3147	3130	37903	45558	6033
1156	591	121	2150	259
2763	5681	56541	1324	50
923	58947	1177	7230	58830
3320	12608	32601	34243	28752
3541	594	8605	3548	3411
59809	42350	56354	59808	56363
238	29	17932	10	54065
3670	25998	35977	8772	25988
3728	11121	614	50	14257
298	1257	1270	766	1006
1156	121	259	1204	2156
3863	51777	3780	10527	19217
1775	1223	3115	171	917
3852	61316	614	56205	36086
59	254	3115	171	100
1007	20984	26743	21062	1411
2514	25899	5169	1262	11179
4380	1276	52523	1558	132
4436	58082	24672	12484	10920
4461	32731	3035	1489	23403
4474	61467	21105	61468	21106
1275	54057	966	12026	574
4637	2039	1265	3401	59794
4771	7482	46437	11220	1261
918	3603	3117	917	16555
2327	1723	401	3115	18832
435	600	21	99	481
5196	1276	5167	19116	19893
3623	3406	1264	9488	37473
315	1006	766	429	1257
5424	594	2967	43078	2919
5482	55136	25465	31776	45153
5493	8676	46315	39525	56561
4655	724	706	608	522
5683	639	50	3079	15198
52282	53188	54221	38442	44462
3177	10161	58817	574	1140
5820	61750	53828	53792	32657
804	819	15856	44083	310
1873	2148	32670	12516	40052
1156	591	121	2150	35
4786	1210	7434	17535	1098
6084	49962	40066	40123	47610
1561	7848	43169	30347	24557
100	1223	1775	921	917
6250	26576	43302	55201	30089
6274	1210	53888	2666	4728
6307	614	12808	46327	42008
13	27180	9098	7562	3630
1262	360	61131	25860	21426
3852	29	1567	2523	9226
6638	1140	16407	43416	25043
6681	594	10638	45549	3189
3333	2150	132	47889	28771
594	5424	3393	28071	3411
6897	32781	25098	45442	1489
2016	22451	16152	13230	8070
1262	31973	52647	28546	5934
6977	10746	208	23040	23240
2444	32601	40595	20449	255
7222	3130	33469	22636	34063
27	29	614	12307	5027
7330	34198	42815	31998	34047
2598	7013	5191	24272	34709
7391	46247	1210	14438	11432
702	904	600	481	4655
3198	3652	558	1262	3079
7571	3181	574	29657	1031
6286	30082	4249	19515	18278
7655	7096	6437	25378	1558
7717	7694	1063	60961	7703
522	702	600	904	481
50435	21698	26485	52573	53438
1700	9800	401	15808	8021
6799	25036	52351	3075	3125
7988	10103	61460	50	26139
9800	2896	1700	843	171
2213	714	10837	50	15471
8081	40367	8129	36298	40337
8277	32076	8279	32086	32084
2191	9488	42351	39398	5350
652	298	1257	1270	766
36713	1700	9800	40819	15808
8440	22467	10036	5011	40240
36080	304	8487	8483	26652
8514	35273	60184	28228	35280
8588	594	3443	3393	454
702	904	600	481	4655
8727	57118	23268	8726	11486
1156	591	121	2150	259
20031	132	21638	14996	28720
8826	5028	30	20310	23537
14658	32511	23009	51351	51364
3932	43886	5422	5416	15682
8968	27004	6684	13218	49748
46969	8998	59477	2544	18013
132	1558	53618	26510	4047
5717	11234	2523	614	11919
13218	376	45883	17745	27388
3888	2500	8416	8438	6008
9311	1420	51651	57030	51647
3175	34090	7085	7084	7083
9505	1236	28771	2156	132
9590	54998	1223	1176	18450
3115	59	171	259	3106
3623	451	1264	3406	9488
2590	47705	1236	28771	15425
550	9226	31705	38669	1567
9810	56975	61519	23733	56981
59	254	3115	171	100
9877	728	16728	309	9715
9933	3288	30183	3259	1262
9956	29704	1700	36552	61853
10008	530	3127	11201	39210
1156	591	121	2150	259
23482	16642	17418	53176	3130
13706	11364	21017	38524	12447
10193	10527	2715	1210	59759
1071	8597	3115	28604	52590
1775	49413	49261	55605	1262
30740	10414	1246	1184	38073
6323	8304	14270	4249	60044
9763	2865	42856	3134	50246
10516	15768	21368	52456	46630
10595	48819	4259	22112	13201
315	766	1006	429	1257
45988	39416	10665	11689	9960
5391	3770	24569	16595	59103
10726	10735	48422	40908	48413
10756	32491	3298	848	3304
10801	19361	13916	32412	10811
6075	1567	50064	29	3079
1085	1491	19384	61718	55929
57153	39541	31328	57151	14130
3130	21191	30189	32812	8645
44844	43257	10984	55496	10943
11063	1299	38737	4047	8873
11116	614	40617	35623	972
11156	43639	1446	46025	28413
5169	24516	659	52142	12608
4430	10527	1261	61713	1223
300	29	13752	55864	33589
10627	6173	23045	32189	37460
10344	11353	21009	60828	15694
11411	594	454	45671	17160
560	19582	42174	46145	19585
36696	309	5710	5574	2166
1489	5681	574	7648	734
11550	1558	825	44189	44845
6541	17693	3130	2687	19468
11652	943	29322	12741	3720
11702	3130	2165	26041	8645
11768	26103	56931	59626	16720
11823	3603	25656	31902	42782
11877	3938	31697	40059	56718
18639	22944	22934	288	50
11976	3130	41637	36109	13855
714	3110	1799	685	706
702	904	600	481	4655
702	904	28	3151	47
12169	1262	45747	33288	31168
352	41760	16534	50574	36135
11336	3115	5169	3106	171
12271	23159	57364	31221	7002
12310	50	4661	13563	26856
12333	28212	1236	55871	29028
3923	13725	4298	1145	8260
1236	1558	15856	132	17808
482	47227	31998	717	3342
59	3115	171	100	602
3237	19747	41040	42855	25791
5178	48689	1236	2746	1558
38068	3295	11390	42751	50400
4032	19785	4002	19862	17919
45497	12725	45496	465	45499
2233	943	29322	2226	28355
12811	11306	55085	8691	38524
4392	57917	5620	33357	21324
1446	4080	56879	29378	47501
12943	42049	39007	52821	42753
12996	9831	12988	41324	15150
2874	47127	13722	4709	47130
517	3923	13725	4298	8260
13038	9116	13070	45908	373
13122	6023	18432	132	13107
4541	3603	5169	53888	1210
13269	52340	31961	31770	1299
2816	3464	60430	20019	50649
13312	54687	60603	29173	10143
13373	2919	43557	594	2967
13449	34192	13422	13423	51328
13507	50	14212	11228	61342
50	13563	3079	23	22363
1258	14037	11354	1156	27411
9794	4341	28771	31916	38917
1141	1283	58685	40234	37294
13809	34587	42893	3887	15710
13853	55271	15839	61113	560
8399	44698	16553	10923	6626
13995	2822	614	9226	3852
14022	1324	9066	19748	1393
235	242	706	522	685
1719	2423	5169	9800	21737
2037	3475	36983	453	57255
14153	39026	47987	52174	21611
14235	61766	6327	52887	46098
714	3110	28	1799	685
14294	50148	7454	9969	35281
14329	3940	3948	22075	15105
9	29	614	30	2618
14395	20254	30537	43441	26425
6055	6709	257	908	28771
47943	56989	35506	18738	44696
4355	4481	13894	13882	16066
723	614	29	2523	40456
4281	4414	61414	31301	5429
50177	20754	14599	9834	10238
43013	3221	57896	8744	8630
16	29	26008	3618	13752
2661	54651	15856	878	1556
453	60430	3651	15635	3490
14837	59806	3475	60636	58889
435	1140	600	465	652
26	29	3852	1353	614
14924	51033	40774	2488	50
13432	15271	37507	56173	11795
13123	54583	34212	1558	13119
5624	6581	20936	7885	40234
544	77	2967	748	3443
15086	47211	16467	2104	54834
4404	59606	60375	57150	5077
1317	36523	35342	21932	15577
1305	12647	34895	50619	22302
15275	37904	23659	52282	3130
3735	243	3852	12031	29
15338	47858	43374	32713	25018
49681	18635	5589	60465	9364
15412	6755	44274	40345	57739
29477	10254	50	13521	26425
1557	15856	25342	52324	41075
15564	1489	1411	14065	732
15635	453	60430	2039	2597
5739	55594	43728	22638	48039
15692	59635	61128	56076	56759
14207	3948	14329	15713	52530
61857	25394	40818	61843	25374
293	61419	42320	15783	530
15821	1380	132	4341	29107
2370	3130	31239	8651	14521
42817	15960	44967	3295	29851
1561	16162	58476	3800	7848
19	8333	29	13693	44362
41137	40889	36877	38467	60865
16207	3282	39691	61196	1236
4051	50	1262	29978	61781
9800	401	1700	2896	8021
1534	1546	56724	15320	19316
16401	9294	33294	11845	22565
1300	5033	19047	51895	31618
3949	20291	15105	14336	12320
8667	17478	46226	46375	37857
16543	50	7990	614	26449
5993	16566	3062	22933	51715
50784	46295	17407	32901	48430
6135	1276	1558	878	23885
748	7072	45163	544	14084
7843	54700	34782	53231	35054
685	11	706	904	702
2818	16850	34811	59759	16820
2570	1648	2655	1649	55880
16882	51838	25988	5456	53003
16904	8093	6141	25617	55279
5573	48511	16979	16938	16921
132	1558	1276	5220	19887
556	50	10254	43036	41694
5688	293	51138	61419	31744
17147	530	34706	43310	61261
13711	41986	1929	37344	22075
37366	11060	35352	4022	30357
10916	27085	4592	3463	60430
17233	40481	4249	5844	37938
714	3110	28	1799	685
41478	42390	20029	1184	55050
8	52669	37784	32765	50027
702	904	600	481	4655
205	17668	14414	17332	11359
29188	29059	38392	18603	58856
1152	8260	39426	1187	60633
3110	714	6120	50	685
17491	465	4828	49620	49616
17548	1210	20144	255	46433
17581	40310	26743	18996	1464
4548	13627	1276	34402	21709
17669	37625	571	7919	46169
17700	3130	8651	16745	55121
17734	22951	14599	459	61566
49575	31479	17978	48232	2544
766	1006	1257	315	5595
17843	36080	3130	27648	17845
3622	468	15068	9637	28526
100	1223	1775	921	917
435	600	21	99	481
1420	57030	9377	50678	9329
18005	8998	53061	46969	59477
1775	1223	315	1177	48292
19565	7463	3298	49933	50412
26800	19548	2796	41948	10277
7395	45555	40574	39338	43271
18174	45808	2356	55287	3916
392	574	3244	1324	56462
3130	58054	4807	10105	6033
18304	614	19707	12074	246
59	254	171	3115	100
3623	451	3406	1264	9488
15004	614	55570	30	25726
1558	6076	30794	2150	38161
7280	21739	9702	7242	3119
288	381	28851	8750	3304
235	50	3981	17222	37147
261	57421	16286	27044	47925
1475	50	45832	23	3233
21509	28957	29242	738	29243
1089	2668	33316	14621	19754
18636	33939	53502	49081	31284
412	1262	6290	25274	30805
6138	1236	1558	61653	40156
18773	49413	51802	9530	38842
18826	34241	23159	12266	47078
18928	8260	18923	20029	43009
18967	9716	18962	15525	16886
19025	3233	1140	52246	53805
2961	56089	4414	60615	12460
592	381	288	286	641
15964	3295	42054	45998	447
702	904	600	4655	724
4853	44000	5053	11971	53888
59	254	3115	171	100
18603	43832	8683	52950	49863
19223	56563	41377	57462	1389
19292	45882	48393	36296	26036
51295	51316	56569	51614	19319
1768	26905	25456	2830	54362
171	259	3106	602	1775
55418	943	4056	13741	3720
9665	29924	44603	4761	58102
1258	603	14037	11354	1156
1258	603	14037	11354	1156
19476	18357	5169	54426	20395
59	254	171	3115	100
19493	50	39152	3079	3860
5368	3304	3298	4047	32978
1156	591	121	2150	259
19546	10523	16737	31995	14792
45497	12725	45496	465	41611
19691	34787	19565	40605	21694
614	14170	29	2822	7696
315	921	293	19060	15768
19899	21352	27213	36708	21351
1262	23872	56335	30183	23360
463	60528	53254	56975	305
19962	50	30012	28714	60422
659	5169	2356	12706	59199
540	12350	53426	539	20044
11701	3130	2687	1552	30189
20105	16555	36636	25859	20104
592	381	288	286	641
20153	1210	57676	40595	12608
20175	24516	5169	29676	52142
1838	58958	29056	29728	43803
18032	35977	42980	19040	1097
12890	39094	46847	8853	26918
25	12307	17932	29	18627
702	724	706	608	522
839	1629	1700	59218	53164
1156	2150	259	121	1558
20018	132	1558	1236	28771
3079	50	35606	43212	39152
73	235	242	522	706
2513	1558	2545	8953	18730
29	12369	972	6	3852
702	904	600	481	4655
20590	54232	3635	20615	49846
54688	23822	52093	3079	2282
20644	47211	44317	52528	19897
397	1913	52996	27417	998
61035	14199	52951	10820	51694
943	29322	28355	8796	1805
42822	10675	42756	39412	42767
9855	9851	19535	34314	19541
58519	24811	16266	27832	17136
103	12890	46847	39094	8853
1094	3115	3117	22792	11336
20822	6162	57864	39874	16665
20914	1262	9529	48819	57358
20964	48854	43196	34791	44006
20997	22277	967	60733	59633
21045	3127	7475	42068	8471
10534	22889	734	574	1411
4476	21118	61468	4472	43442
3130	22233	13566	13855	8651
21174	3888	14513	18523	55359
21202	3130	13870	15855	2687
21235	39113	7408	14352	24239
21294	47819	30544	31682	38540
592	381	288	641	28851
4539	2785	54668	16564	53391
42911	459	39158	49607	39338
483	465	1489	16680	32367
298	435	71	1140	465
21514	29794	61140	48000	50130
21549	54017	21544	9701	33295
9885	1236	1558	34787	132
4139	3233	53147	5205	48473
435	298	1140	600	652
702	904	600	481	4655
21608	4047	15425	23002	18933
21641	13123	3968	28720	52933
21802	1558	48329	7836	35805
43820	17595	31299	33129	26319
21868	25988	28770	3644	44055
26225	24276	7066	40651	39632
21926	47450	41884	3130	60474
554	6	17230	29	50064
1156	121	591	2150	259
1156	591	121	2150	259
22080	52364	25068	35715	45399
23	36243	5681	50	11031
2045	4075	16261	35203	36607
22140	39260	22359	50027	54254
22176	17849	31539	3233	1450
435	600	21	99	481
3623	451	1264	3406	9488
22238	51892	3119	22232	46643
1257	766	9034	19060	6996
22282	28851	3130	48644	57684
6143	30786	10975	1332	6260
6305	614	37784	31685	22805
13	27180	9098	7562	14
55356	55455	45970	45963	11648
19779	54755	35565	19830	46334
51502	1716	7196	1693	34089
22529	22773	43958	16002	49863
3127	3963	44806	52713	33840
435	600	99	481	3233
7133	41305	2967	594	43096
259	1156	2150	1558	3174
22662	49893	56389	14791	21047
5200	16183	34787	819	132
3791	55722	4042	3089	16011
1392	42968	387	1262	58685
517	10159	17257	4311	539
3043	3233	50	30388	38650
17023	40277	59239	22758	187
594	11369	17153	48459	3368
4541	3603	5169	53888	1210
1257	766	9034	19060	6996
1094	3115	22883	58452	35057
3603	5914	36417	39120	9661
4210	11843	49992	28088	15271
451	1264	3406	9488	37473
5328	6	6162	614	50
3115	1775	2896	1210	11336
23076	42103	1489	30698	60030
15140	24376	4310	35275	35279
23116	43485	40862	50696	22584
23151	61292	42552	23851	30144
2865	693	3134	2152	214
614	14170	7696	29	25424
5104	3603	3106	53888	1262
23274	34821	11459	23168	52227
1177	1223	5595	46630	530
13518	1262	34276	5795	2184
3304	17399	4340	46128	788
340	11201	9716	21405	5595
38442	55653	50033	11468	39310
315	293	921	9034	1257
3288	24543	51683	41536	5376
14	273	49844	465	40645
23572	60683	57258	235	7532
17876	1236	2156	28771	13124
37451	47744	53188	33690	11096
7598	14270	8687	4249	37078
572	56256	40329	40410	19056
702	904	481	4655	724
9596	21363	34584	45092	20198
14092	43373	42504	13713	28613
23844	6380	1262	18673	22095
1392	3938	2148	3031	10610
11615	1262	1085	3259	61131
7435	3132	2996	9969	33815
86	263	517	4311	10159
23965	12171	3031	387	32667
23991	50148	29978	1085	16250
5406	3130	47574	25692	30189
522	702	600	904	481
6505	3130	6095	16595	13870
273	465	49844	12363	3342
1156	2150	591	259	121
51	53870	36947	16645	3852
16768	48819	346	13768	43429
2038	8714	3651	453	10913
24196	14335	37912	13137	2874
3110	714	759	887	41198
10077	29	13752	301	11121
5512	50	12876	17325	26184
1156	2150	259	1558	591
348	3603	25656	1210	5169
11116	614	13752	40456	26678
16228	23986	29978	46423	28168
24503	2598	27597	15690	44717
24536	30296	56313	30336	7864
6535	30144	47545	61721	54979
10871	40533	54982	382	409
56053	37236	5497	7454	17344
24681	10340	13500	39200	31858
24716	48392	129	10751	51565
10839	3628	22469	46115	57529
1324	46074	2488	37792	31425
2730	6060	132	1276	44189
24815	3923	48905	4283	53592
5595	35080	19060	11201	9716
21186	37935	59123	26281	15000
8662	37873	43913	32713	304
5595	48819	39200	60594	4076
5715	1243	38256	25266	24792
4448	49903	31994	21047	20507
435	600	21	99	481
25097	738	28936	50278	55734
435	600	21	99	481
59	3115	171	18607	602
1156	591	121	2150	259
8713	453	60628	15635	50649
25241	57030	19248	25165	19231
966	58685	4075	51683	5236
1392	2148	10610	3031	55717
15676	61128	59676	31113	41078
1223	1775	921	917	171
3225	52754	6784	19174	49181
25392	34392	17333	34391	40285
23826	27085	23268	60430	24735
766	1006	1257	262	315
25500	6957	1140	26743	28123
563	1420	12067	16500	55
298	435	465	42955	1257
1759	1489	1127	32781	734
25600	4080	5097	21324	43639
25617	45275	42872	46284	32514
12890	39094	46847	8853	26918
25655	1210	5053	12608	52142
3115	171	259	3106	602
3610	1236	40024	28771	803
20837	4259	984	31301	50527
18517	38397	38396	42068	18545
11543	4458	60434	99	40321
25886	1262	25881	9351	6290
56110	2874	38534	33381	47942
14340	51928	1648	27401	55455
32378	11473	34370	46609	57008
2156	132	258	50	48363
26002	132	15405	1558	1694
21148	3130	20806	621	23863
26026	3852	8068	9031	16694
22138	47857	60817	61272	10476
26070	37634	624	54551	45219
26178	11671	28946	58138	28966
592	381	288	286	641
7167	15808	59490	36128	31057
2191	9488	53727	39398	51773
26248	2785	44833	54791	34884
1257	766	1006	9034	5595
1262	27925	36448	30183	3313
8021	34565	633	29533	36571
4655	724	706	608	702
26353	26414	10367	10365	19309
23780	2785	55994	30518	46731
682	17595	26307	3083	6223
22946	29	2523	25322	13693
26489	58880	19231	25259	52747
26499	1140	25608	58565	56089
2996	43443	3288	54798	55929
26617	61452	36920	1838	34976
26652	26638	28423	46167	46169
9939	1262	57290	3288	360
30977	8207	34402	1752	1533
453	25662	2039	10432	14823
3087	22020	2948	53547	22777
47	706	522	73	702
31630	30755	11998	943	1316
11336	3115	3106	171	5169
53019	12636	49586	51797	840
738	940	29454	22570	30420
19780	16820	16827	55449	18128
12246	17347	187	10726	10750
27017	21661	7096	194	7635
27095	449	5023	3127	530
7133	41305	2967	594	51410
10270	40579	44023	44015	56348
614	14170	6162	29	2822
24111	1262	30183	61705	6380
702	904	481	600	4655
544	77	2967	748	426
236	29	243	614	32234
73	235	242	706	522
27278	24538	52443	23354	14448
1056	28516	15451	24382	28478
27320	8651	46625	3130	28851
27331	2896	9800	46268	8021
9248	13602	27004	25701	16316
27432	61378	5924	1262	4916
1800	738	18	47787	711
832	1236	7324	15856	1557
27536	43036	18260	50	7416
3134	2865	2152	50246	56384
22683	16827	53155	9632	58256
17469	37112	34714	58862	19047
27683	33676	20024	2699	16595
46	1567	2523	29	3014
27743	8353	614	27226	17564
273	3342	465	41811	12363
4047	7292	1236	3298	2285
592	381	288	286	641
27801	43513	3463	60430	50649
35715	3127	44049	44804	44802
27864	27782	27784	42281	57935
29807	35819	1004	1184	20029
27901	45187	15690	4933	53493
27916	56718	60041	12460	8936
27962	56322	37376	53870	16705
20268	1262	36951	5918	16781
11001	877	11352	35978	4204
360	1262	23872	6411	30183
11974	22238	58420	24110	11948
728	685	887	759	714
3373	594	59857	3548	6831
40669	58043	54958	49962	25225
28150	14891	18649	59813	24097
10196	48175	55403	6225	8256
17206	37239	52719	967	59826
28203	45594	36058	60521	8784
28233	28707	28239	55098	38849
86	517	4311	10159	539
13738	614	29	13943	29718
5188	5204	3043	7806	33396
2732	3130	4890	33046	50190
1257	766	9034	1006	19060
43	29	51290	2822	7286
17919	28386	46036	30348	4310
1983	39465	39499	39501	8107
28460	39178	1210	34243	7127
7987	29490	50	58350	47204
602	259	2896	3916	2150
28558	2417	7096	19619	19657
28584	42049	42054	3295	5142
11575	34342	51502	27361	46969
28672	43728	6327	13944	22638
3075	48294	55098	28702	28233
5286	10602	1270	33175	10514
28772	2598	60065	27597	15690
3288	2996	43443	42036	6984
5599	11456	6689	34015	12084
4355	4481	13882	620	1588
28876	13888	28908	27503	26171
21198	28752	12672	6740	46247
29054	29188	38414	28964	29078
29093	38344	25942	19343	12147
29135	23127	9174	39995	2148
604	24505	13829	50615	34895
86	1145	517	38073	4311
15540	12765	19354	943	17743
20009	17266	13734	40617	35882
13973	29226	55316	55324	29238
8006	214	1629	8031	16312
6162	33	4147	50	33419
212	877	11001	11352	35978
804	819	31916	15856	40992
3860	16537	19493	39152	19465
1700	27378	18705	29832	37981
29564	36510	49534	60521	32435
610	1558	8598	54280	17618
8	50027	52669	2822	6007
18962	18967	5595	58494	9716
7938	28586	43036	50	51498
29693	15271	33690	23660	23659
1835	29730	1838	1844	44192
4343	1411	4140	903	1324
1156	121	591	2150	35
10414	59702	27870	48005	8260
51777	51838	45814	4910	19211
3295	42820	60650	15150	3510
25094	25143	36878	25768	12770
18218	1262	372	30810	382
3603	59765	28752	5169	12608
19369	35056	3852	42	34156
29927	32601	21848	6074	35887
7844	19380	3132	61781	20780
30001	1558	56616	40024	15856
558	1558	50	3174	9139
766	9034	19060	6996	315
3354	50619	13829	44388	37088
30131	47442	1090	3174	558
288	381	28851	3304	887
30189	3130	39517	44407	18639
3487	51407	60623	3552	12447
562	570	60528	463	56975
592	381	288	641	28851
59	171	3115	100	18607
100	1223	921	1775	917
30266	7158	44759	25869	44091
298	435	465	42955	1257
16352	35933	57529	30243	30328
1156	121	591	2150	259
30413	3916	2356	51799	316
3623	3406	1264	37473	9488
229	9226	614	6	2523
4766	608	31347	29	17564
30465	59612	14798	38529	14802
15258	48680	50327	17862	3130
1097	12014	1262	35977	32703
8156	1063	59469	30550	32872
30596	33105	7482	31841	32707
702	904	600	481	4655
30635	56974	59718	40329	26123
420	6380	5911	1262	4793
4215	58557	3127	38225	27055
22728	3298	27343	55130	10427
281	8	29	13752	3706
3623	1264	3406	9488	37473
13742	57654	12741	2209	27199
9226	15201	3852	29	50
592	381	288	286	641
48667	13434	27790	27794	45645
50	47658	15471	17091	3110
23750	17686	19067	17681	59548
56902	38156	56004	48844	41086
8908	9045	17222	235	50
766	1006	1257	5595	315
243	13752	29	50	3852
23088	614	40774	57602	24610
685	706	904	600	702
1156	2150	591	259	121
30496	26147	8354	3115	18190
27491	15290	49998	6724	2673
3304	4340	242	844	788
15982	24376	2985	16001	3795
4200	1262	30810	18218	21413
3718	46194	50707	18832	18843
25	29	17932	12307	238
496	10369	46960	57260	1243
376	9116	402	27388	242
3623	451	3406	1264	9488
685	706	600	904	702
4655	724	904	706	522
5053	1210	3115	255	659
31431	49661	10363	38633	39426
702	904	600	481	4655
15	31998	26931	4404	13418
3635	46503	8305	43322	20590
739	33927	12214	26847	740
714	3110	28	1799	685
1236	4937	1558	132	48689
29644	6162	12074	37383	614
11733	2585	11730	38760	8645
7284	53618	12359	29028	38005
28155	11836	1748	9542	16707
3852	12926	29	608	18
2370	3130	31239	2927	26041
28193	10254	928	7416	25258
12659	47495	22298	54155	56014
14208	16479	24595	47552	15446
3652	33475	1262	9519	25860
31815	26480	31834	31821	53905
5940	31869	1223	10527	1210
30511	31998	482	6139	30523
435	99	481	3233	5650
10086	5052	171	3605	1210
39668	15690	6317	8904	21009
2915	1262	21447	36044	25616
38524	10149	1145	50933	11312
14792	39786	38529	40442	61750
60465	5589	49322	3145	54740
3130	8651	3298	21745	41637
18230	42134	46648	7836	22212
35714	3127	15757	35713	8254
36696	309	38442	60110	5710
4928	659	39619	2356	3916
32124	56514	56515	55082	32084
42826	52090	31146	54364	2830
19777	614	2488	35082	27269
46	29	1567	59155	2523
381	288	592	28851	3304
32220	50	39152	48455	6
3852	42	9226	31771	30
42144	32279	39963	530	5023
702	904	600	481	4655
40345	15412	50	30114	50791
2101	132	30164	1558	30151
32332	53792	52621	9701	21543
32391	55647	15271	50009	50590
32411	17721	29895	29905	32417
28334	3130	55121	17699	8645
2549	3043	5681	5672	3233
22408	132	6060	1558	1752
32628	12116	5893	5993	16585
435	600	21	99	481
32663	1140	19365	32540	49848
15181	33192	56742	9035	1236
917	31873	7482	1223	1775
3852	29	16645	7417	13752
435	600	21	99	481
1732	50	29	614	32953
582	40114	43459	36292	8069
2513	1558	43705	36327	53096
13762	33117	31998	57917	3343
212	877	11001	35978	11352
702	904	600	481	4655
33096	25608	35188	574	49620
1114	42662	23793	10199	28319
8738	1420	31824	4804	31834
5906	4414	574	1262	5461
33210	42144	530	43305	5023
18	15765	738	44936	4655
10592	61742	5595	11980	45515
6981	27751	1021	6406	1177
33314	4193	50696	5595	43429
1223	1775	31873	31876	2818
33360	22451	15433	49492	19047
3911	18	15765	44936	738
12061	1140	3233	33	50
232	242	465	259	3174
2874	26278	14437	47943	44309
940	738	25105	26208	29338
4176	35203	4075	1140	36607
2660	5169	46247	1210	659
352	41760	16534	50574	21565
1420	12067	16500	12068	55
4890	3130	8651	37252	33019
588	4366	45528	132	586
33630	34382	16166	45414	50667
768	8	3852	42	9226
702	904	600	481	4655
12020	2523	614	29	523
5391	3770	24569	59103	3130
33760	1223	31876	44487	27083
766	1006	1257	315	5595
702	904	600	481	4655
1373	24842	21845	9716	24954
3090	401	843	3941	2896
1558	33003	132	1236	19116
61035	14199	4258	52951	20686
315	1006	766	1257	337
592	381	288	286	641
381	288	55188	17699	52328
34094	40772	24077	51033	27277
229	614	972	9226	22515
1156	591	121	2150	35
34130	4169	22684	7857	44799
9877	34174	17018	16923	34160
13448	13422	56133	34193	30172
792	37742	51532	4366	18646
2730	6060	26784	1276	132
34271	34335	35972	47936	8187
685	11	706	702	600
435	600	21	99	481
34300	44647	3076	1262	27077
5249	51413	32143	453	14823
3415	39416	10675	5768	38681
17114	48932	35715	444	54506
34340	22573	53365	8764	26952
59	254	3115	171	100
25024	9380	7682	37876	26654
594	59848	3411	3393	3367
34397	10586	3955	1929	61064
702	904	481	600	4655
56569	57349	51295	47074	19323
435	600	99	481	3233
34451	27644	26638	26660	28423
717	31998	57917	3964	3342
34505	46580	14782	1262	33015
1156	591	121	2150	35
18813	50511	34577	44815	18716
298	1257	1270	766	315
4333	10602	51163	50919	53338
34629	50	13521	19368	55346
34636	3087	40150	52443	45838
12890	46847	26918	39094	8865
33539	48641	48175	10775	36688
8908	17222	60448	235	25120
10697	2578	5644	40911	37429
1558	23861	4047	2513	41369
1257	1006	9034	19060	5595
34804	1775	32701	22715	29924
7169	9418	34090	14104	34821
714	3110	1799	685	706
3295	25923	44740	52754	6418
34880	31146	7862	33374	4208
8058	38946	5083	629	46803
7549	4051	29978	48362	3132
86	263	517	10159	4311
2759	59024	55234	45450	45472
11502	1489	5681	61677	43298
8453	2544	54805	52291	54143
242	50	7844	60683	235
3304	3298	242	844	4782
52718	10710	60991	58685	25043
4655	724	904	706	608
20739	60954	1319	1784	58848
16771	844	1558	1236	8754
1156	591	121	2150	35
574	5649	1489	43298	52802
2159	30794	1276	34787	9472
1223	1775	921	917	171
35279	24376	29224	11030	24405
13432	15271	2673	33690	37507
26481	50	18530	639	43036
702	904	600	481	4655
1097	35977	1262	12014	1210
3041	29238	13977	36362	55316
2458	47142	8437	6008	13792
3938	25091	23698	12516	11067
3852	29	16645	17266	13752
35449	31301	12171	636	6796
32601	5169	31925	48566	34243
580	5180	56241	37613	44728
18026	995	46902	55618	12812
14	273	3342	6590	465
35524	56759	35523	31084	59656
2533	5681	12074	50	5491
28482	50	14754	13563	48386
682	17595	33129	53713	4259
35648	44144	41039	51437	44147
8070	58866	17919	35755	44771
2516	1236	51344	132	56043
18652	57965	52369	25062	1227
35726	60587	60589	3125	47270
33257	3127	58557	19069	3963
14935	2339	11915	31425	11844
232	242	259	465	3174
1115	19010	1262	50148	46423
544	5424	594	2967	3411
5050	3852	29	608	19118
1210	19488	348	40241	59748
4537	3653	55336	35420	39158
995	15783	46979	38617	293
12459	22584	3127	4193	5595
9863	23787	30520	2785	55994
530	5023	9716	3956	17920
702	904	600	481	4655
435	600	99	481	5650
546	9488	14706	3651	60332
8666	3130	57837	36509	32713
979	2934	28213	24672	24675
36072	36115	3130	19647	17414
2150	1156	259	1558	591
17569	26680	18299	36165	31365
904	600	481	4655	724
766	1257	262	315	5595
41	51087	29	12052	6
28022	22075	1929	53214	26918
685	11	706	702	904
58258	31020	14853	20100	1489
36275	571	36262	36820	38176
376	9116	402	58884	13218
290	4249	56411	44905	19514
36331	3130	54222	27619	15859
299	57896	3221	43013	8744
1393	50	903	60029	99
401	9800	2896	1700	843
592	381	288	641	28851
24338	3652	9549	1262	23009
36462	3130	6763	10708	596
352	41760	16534	50574	21565
15808	54946	46969	13332	18749
59	254	171	3115	100
36599	24391	48046	55316	13975
30582	50	19368	56722	7416
36645	22095	9324	42066	26695
702	904	600	481	4655
22940	2396	53176	3130	25409
36716	48006	31961	23037	24448
36734	57526	539	12826	20029
435	600	21	99	481
16483	15709	38624	15106	3883
2254	42826	52090	31146	54364
1156	121	591	2150	35
8950	20444	61140	50131	20409
44439	20443	60807	25094	25086
702	904	600	481	4655
24124	32182	3074	5028	9036
49079	4890	1299	48986	7269
6138	1236	8433	1558	13087
12220	200	10750	10724	46112
8671	3130	596	9459	34519
1838	20221	45323	29056	14032
15237	45805	26881	54829	48844
2154	887	22942	54221	22934
702	904	600	481	4655
12122	1082	3119	34930	48623
242	50	7844	60683	3174
3623	451	3406	1264	9488
61388	47522	25339	18530	35075
29207	3852	29	3151	35133
9686	32799	32812	24046	60602
1156	591	121	2150	259
18749	17982	53070	37343	53042
1406	33	18996	99	1398
14556	37444	37434	5574	27238
59	254	171	3115	100
2356	27498	53888	32401	3916
237	6075	8819	5028	27733
58769	37525	50686	57763	43880
37554	36688	28132	37613	1602
1210	3115	171	5169	55443
34063	289	5610	6763	3130
61289	51035	60065	15690	24378
8729	1236	15856	6437	19887
570	463	60528	305	37620
9873	36297	40654	6115	15702
614	37658	50	608	44496
3057	3295	3125	214	19173
6419	3125	28094	59403	52754
3949	20291	15105	53326	16464
2182	1411	1489	18551	53110
6129	25780	3298	61302	7257
61153	43591	61159	25887	43586
877	2598	5191	7013	24272
10868	4094	2087	26175	20013
5669	3079	29	17344	5672
6799	2785	53622	41437	44833
12078	44482	22703	246	524
37834	21702	35685	25991	1558
702	904	600	481	4655
1556	29028	4350	1558	51532
37939	4249	47694	14264	59319
1262	9549	18218	24747	25860
37966	3130	43527	34521	57046
3373	3565	3548	594	59857
37991	26736	24516	44000	46433
12583	52324	9967	7635	1236
9877	39687	16703	28062	17018
3352	6105	40119	6121	46620
24104	7702	7717	7698	28273
38097	57030	17954	9329	53181
25465	5666	59607	59580	16115
702	904	600	481	4655
25081	16603	16320	31977	19288
14789	18795	10119	31271	14792
1156	2150	259	1558	591
483	465	32367	1489	4082
59781	56350	22960	56346	59780
38230	53575	5721	27055	27046
26466	41529	45386	26510	29028
435	600	21	99	481
1156	121	591	2150	259
53251	59312	54997	5300	44276
38414	34981	29939	29043	29039
26403	57903	33992	6	2523
10214	1223	60743	1176	1261
337	57421	16286	315	30697
10147	3448	1145	10167	425
2327	1723	401	3115	1775
54231	3130	2396	33020	5488
38564	42767	42822	55369	10665
31860	1085	3271	49259	55421
6825	50896	38524	27705	60680
38605	1262	12986	47887	2419
23765	31301	34001	34584	684
35133	29	6148	3852	50
25799	52804	14930	16150	42103
2151	45988	39416	10665	9960
19777	614	57530	10839	6162
38752	38760	49011	14787	37230
38997	60122	33205	60124	42744
169	1210	3603	35436	23495
60465	7416	18635	29	5521
16585	3075	44685	51719	12164
652	298	1257	1270	766
21907	738	54415	5354	6582
38919	26062	28123	7876	25469
11001	11352	35978	45240	8927
1210	171	5169	30144	19343
30992	3298	4841	31099	844
9426	34957	56357	56348	9432
39019	54058	24719	7128	46247
866	9967	20479	9472	8433
12890	39094	46847	26918	8853
702	4655	706	904	522
654	46247	222	3115	3603
4928	32698	659	1558	2356
1156	591	121	2150	35
522	702	600	904	481
1799	3110	714	759	685
1236	1558	132	34787	5956
17552	18382	37706	29028	3339
56776	22660	482	40645	30511
39221	1558	13124	32983	10557
4414	49848	3031	12460	9565
22	50	50148	54279	60683
4249	56411	40481	13340	48615
50	17222	37147	34648	60683
1218	33105	1210	3603	3115
3298	3304	17399	4340	32491
702	904	600	481	4655
714	3110	28	1799	685
39391	132	27427	40024	51062
592	381	288	286	641
702	904	600	481	4655
39508	5668	45006	4458	55203
3110	714	759	685	706
768	8	9226	42	3852
1264	3406	9488	60430	20390
5646	1140	43046	52606	37782
33240	20198	23148	1134	21363
39581	15870	2598	39622	27210
950	8814	17744	12979	39252
39696	34725	23848	29100	3355
10234	1140	5649	4828	574
23	50	36243	5681	18576
16737	59612	41494	60311	10120
8476	3130	53650	18239	53901
1649	7981	39131	2655	1648
592	288	28851	3304	8651
10827	1561	45408	41115	24538
39856	61203	9542	5681	15972
39882	1558	32985	3282	17792
59	254	171	3115	100
39925	8114	2612	15831	8146
4086	32165	31425	46074	16102
26414	46051	1243	11347	1228
3130	15863	37252	8617	8651
38236	50503	59810	30224	23181
3602	29378	2578	40915	57945
40110	9542	40180	50	57945
40131	61397	8933	39668	40146
5681	2762	1324	44846	23
40182	1262	25860	50161	43325
16190	3130	8651	25674	52051
1156	591	121	2150	259
3090	401	843	3941	2896
40267	36371	187	36374	104
328	14969	27790	45645	48667
702	904	600	4655	724
403	54994	46050	37841	37415
14	273	465	3342	992
24761	10527	36222	4797	1223
14548	22775	52363	711	37313
40390	2098	36688	14562	56241
465	50	99	3233	4458
3623	1264	3406	9488	37473
8687	56450	60044	51244	9975
1114	30786	42662	57112	61378
23104	903	598	39229	574
40475	40459	16555	22868	4794
846	50619	2080	12756	40509
1156	2150	259	121	591
18333	37876	26686	40938	55666
721	55864	5258	614	29
40593	10975	29316	51352	54058
1156	121	591	2150	259
32131	3852	29	7417	2523
1321	29	281	5116	7417
59	171	3115	100	602
9244	48394	9116	13218	58882
435	600	21	99	481
35622	29	8	2845	7408
15490	51033	44995	1324	57726
669	132	29352	38560	5200
3265	734	574	58643	16828
479	459	60168	60176	6423
40870	346	22567	4193	14487
29335	9098	15645	13277	31712
19026	35755	59646	1140	2181
40946	5710	60098	55589	55645
242	522	706	60683	685
40962	32138	50154	34805	19244
15376	50227	3271	25869	52112
8	50027	52669	6	50
35521	36844	28782	51935	57109
41014	41018	7056	15616	51467
9728	42787	3134	42855	2865
592	381	288	641	28851
6146	29	35822	2523	17325
40100	56067	61128	42237	15693
24325	45187	17067	18765	10334
17862	51545	24388	39304	8658
3736	614	24220	2523	35674
41168	14939	56184	15256	36057
22562	1210	293	995	530
2896	401	18294	9800	171
592	381	288	286	641
29388	15243	50	235	10240
50	235	36616	3079	3233
2327	1723	3115	401	31192
1558	132	2150	15856	3282
744	716	12044	22537	23762
41300	34233	6131	14089	3159
23958	8260	32087	4298	17258
41355	6687	37876	50574	56377
41377	41980	51647	19238	12069
26087	18490	7694	11764	2705
744	12044	716	31639	23498
56256	40329	19056	3108	9801
41443	50472	14510	28692	25906
20634	8865	1927	26928	22075
1257	766	9034	6996	19060
1558	38281	2746	1236	50439
702	904	600	481	4655
592	381	288	641	28851
48224	61029	12808	738	46930
8820	13752	33647	19123	12042
41636	29	44362	47036	37068
52669	50027	2822	551	50
1906	16476	8865	47240	14325
1561	15024	45408	47865	52177
41772	44601	8667	46169	37857
41797	23148	22102	8402	19374
2213	15471	50	714	25060
31630	943	11998	30755	1316
29199	41481	41884	38467	2525
34335	34104	8195	52373	8208
337	3963	1242	6590	3127
41968	40579	38999	26808	34957
17868	56658	51651	51657	12207
24343	18685	22075	34587	15098
592	381	288	286	641
1006	766	9034	6996	19060
7156	1085	46953	58033	57289
33852	11550	1672	11595	35236
42051	6223	1142	30743	1262
42058	734	47052	5645	38178
702	904	600	481	4655
42104	32657	33295	3629	21543
42114	50	20799	1594	55833
2322	33181	33596	560	33127
44276	3130	47525	18639	3298
59	3115	171	602	18607
3206	3130	41368	8651	30189
2254	42826	31146	52090	28957
2967	594	5424	3393	3411
1156	591	121	2150	259
42212	3295	3510	43113	3515
40100	56067	54925	61128	56087
4458	33	3233	99	8372
3694	18673	20896	9549	45851
8721	3651	21012	20020	21026
1156	591	121	2150	259
42284	1262	24862	27397	3916
15783	293	31531	29969	995
51	40774	31681	58586	23088
4420	11211	1261	32197	4771
39672	36967	4899	56733	52763
17786	25342	15856	2746	13688
42417	7140	34090	32996	52930
29028	4399	1558	1211	6060
42502	36994	40293	22758	36990
10158	53147	25707	5640	37792
8353	3741	16645	17564	3706
26	29	3852	614	26008
42553	55165	1649	7981	45659
14	273	49844	465	28744
6251	24034	40456	20901	2523
257	1236	1558	28771	54651
1156	591	121	2150	35
42634	39054	25707	5078	1489
10224	3119	22220	46648	34933
766	1257	262	315	5595
171	18548	1558	242	50
2500	8438	8437	8425	6008
2865	2152	56384	19753	12444
46270	14385	25617	46280	45275
702	600	4655	724	608
42937	35511	29851	15150	58319
702	904	600	4655	5
6133	9512	2150	5956	31491
42980	27397	1459	25899	28117
42985	42987	23458	738	54334
14396	3852	29	2523	35623
465	435	99	706	52249
6379	1262	24607	23843	61835
20449	46247	24516	5169	12608
1264	3406	9488	3651	21012
9418	7085	48326	7075	3159
3516	38070	3295	42741	42869
5973	55161	33772	42728	11389
8993	8687	56450	6360	15335
242	50	7844	235	465
299	57896	43013	3221	7598
19535	40579	19542	22945	38772
43212	10254	35281	50	54279
43271	34315	7382	61566	55336
14533	54202	1085	5138	9969
635	2321	43410	2278	2320
435	600	21	99	481
1156	2150	259	121	591
9581	44841	9610	11432	59678
43509	48080	10895	10898	15069
43527	3298	3130	27163	2625
30	5028	15201	2523	13752
30469	16737	41494	55532	40442
22	50	43212	60683	50148
3115	171	259	3106	1775
1156	591	121	2150	35
1382	12665	614	59155	49818
2301	45218	17403	635	22029
43653	3299	6784	22208	39007
43707	47797	58178	24964	45805
13984	5739	13903	29754	1000
43739	3130	14023	10843	13047
2434	53887	1210	3115	20535
25228	51532	586	23571	24504
59	171	100	18607	602
2491	1210	49562	12706	5169
24499	1210	49774	29316	12297
4176	4075	35203	1140	36607
517	3923	13725	1145	4298
5218	1558	48689	15858	1238
43957	2785	7933	1653	46751
10837	50784	25748	49988	17465
1257	9034	5595	19060	6996
44020	40569	10277	22968	56369
1558	7363	1236	44337	3339
15946	3674	1210	12608	1223
517	3923	13725	1145	57956
14279	9716	13300	29171	14524
44113	42668	23793	43482	54725
12942	453	45723	4693	9488
35664	27507	2199	10445	42780
39416	45988	10665	7045	10671
31630	30755	11998	943	1316
44172	7716	31436	34787	48130
614	14170	2822	29	7696
19473	2356	53003	1345	10975
6282	1262	1210	55452	3289
285	54231	44180	20123	10685
6799	2785	3125	44833	53622
4340	42983	38756	2728	61302
3130	52333	4890	15863	13047
61104	19069	4280	20565	20615
132	1558	21133	1076	13582
7425	52996	31697	9111	3938
32786	12086	551	614	29
44387	1558	6754	2751	1555
1567	29	614	6	3852
44442	1085	1140	1262	3259
5023	11201	42144	39963	3127
27720	4159	14352	16775	1324
8504	1210	12608	53888	29676
3713	29	32227	1570	12307
41247	1140	48397	25098	53127
44519	17012	55057	11759	9637
41088	594	5424	3385	3447
26752	40285	17337	25413	34558
16216	37885	46226	36343	46253
4259	647	22102	1270	1262
11001	11352	35978	4204	45240
10684	10196	61333	48175	48641
3127	58557	10606	31906	16292
51	8976	16645	19418	36947
38073	18890	20029	4981	53426
685	706	904	600	702
4002	58866	45137	8070	31624
3973	738	19307	25440	614
2730	132	6060	1558	44189
2175	33102	52719	59633	24742
4532	3706	614	27733	3852
10961	10993	2594	43257	10943
36373	200	27940	36994	40252
6800	3127	44806	33840	58557
3174	1558	171	18548	47442
685	11	706	702	904
46803	52131	40981	34901	12642
58691	21381	2807	26806	38994
2040	44973	27802	9488	36181
27961	29188	1838	20221	29039
1324	61587	15972	2488	31425
45066	27543	2258	47147	2268
1763	58264	35755	11836	40480
298	435	465	42955	55717
233	614	3852	608	50762
285	54231	44180	20748	13047
685	706	904	702	600
2636	15831	8106	2681	40015
4193	50696	11201	20931	4076
34288	37609	24901	44696	3887
25351	46628	28768	15874	8090
41	13752	12052	7445	6
214	3348	1629	8006	37932
28644	59516	24357	59510	36128
16209	3852	6	39152	13752
54143	59430	21313	45822	50087
11325	17817	17811	17812	48733
13454	1388	18331	15272	54496
45384	5023	35455	61419	16254
1420	16500	12067	12068	55
7473	3652	2915	25978	35977
29439	54851	7568	56458	1324
5308	16775	6156	14352	21568
14002	27154	12724	12725	55219
34933	53438	1262	61368	7852
259	2150	1156	1558	3174
21375	60173	35420	15408	3653
337	3963	1242	6590	4280
19743	31880	8630	4249	8744
5006	21900	51893	5058	57704
3086	37078	19515	4249	32976
22581	4140	39054	40888	28009
318	36967	14168	56734	30862
45662	1558	132	2156	44189
7562	9098	15642	29335	27180
19454	14536	3117	25942	46247
19838	23877	48566	38821	54426
1322	57471	1411	598	34
54805	58178	54913	45879	18902
37608	1561	4536	31571	14160
2730	132	1276	6060	825
33158	30123	27180	31345	22661
13155	53618	21661	53596	36327
25346	11527	16102	55900	13752
171	3115	1775	2896	1223
45930	43580	1007	1411	39521
40069	56758	8076	40094	41962
2865	2152	3134	56384	19753
3844	18376	2186	16645	29946
35879	44715	31826	1236	30275
46036	19815	19409	5019	17096
59	254	171	3115	100
3623	1264	3406	9488	54723
46105	59450	574	1489	7568
46122	1082	7257	27366	30124
37034	560	19705	8365	40366
3389	594	5424	40394	3383
27645	37884	36080	8475	34517
5788	42748	27550	8340	45993
44844	2568	43915	2613	12527
17266	13752	3852	29	737
766	1257	315	5595	652
28360	40042	54529	32805	60097
1393	50	903	99	33
5014	41852	54185	48184	50
435	600	99	481	3233
3115	171	1775	1223	1210
2784	3852	27194	11504	31129
40949	31708	59055	46487	28909
46514	46501	14484	38067	27066
18796	6754	310	16183	30828
15083	22075	3948	15082	15705
27507	41039	10448	61217	46572
387	2148	9332	3031	22813
3091	1629	61857	34379	40285
19454	14536	24216	3117	12731
3352	15688	6105	6121	40119
46630	57519	1177	922	37850
13820	8	2523	6	971
13	27180	9098	7562	14
10478	40211	571	10476	1934
30458	574	1007	25485	50614
1393	50	903	7557	48335
12594	30585	1262	18673	33015
711	42195	944	45500	738
23	5681	50	36243	2068
39401	28559	26282	41529	61336
3602	57945	40915	2578	29378
46856	12890	37344	36208	24874
1071	43130	29676	3115	8597
517	3923	4298	13725	57956
19548	26800	26803	10277	54433
1258	603	14037	27411	1156
40828	57076	43270	49607	6425
25930	52116	97	3288	3652
29322	29614	4056	13988	21228
46975	57739	3151	50	38652
28277	29755	48039	5808	52917
556	50	43036	2260	929
4774	13824	7533	1262	30064
56315	47079	28146	46515	54185
694	25791	42802	21180	42748
5241	51983	30601	36468	52439
2874	44304	39606	4709	14437
47158	33104	3130	1551	57684
706	685	18	3151	4655
54412	1846	26015	44342	1805
59	254	171	3115	100
47270	60589	12452	47254	60675
614	37784	40456	2822	5521
15004	30	614	15201	40617
4038	37158	3151	18614	35133
128	200	17347	10730	24716
43721	28913	29757	12769	47385
592	381	288	286	641
47447	48473	58782	5681	5029
360	1262	3288	56335	27925
3222	51649	17233	8300	3197
34311	5768	19080	42767	38681
242	50	7844	3174	465
8931	235	7955	3119	51872
47543	22636	3130	596	25692
34121	15098	37710	15114	47240
288	28851	8651	887	4890
16390	41763	48356	1402	318
35532	19505	49962	36297	45946
31787	10832	6	50	3706
47649	3298	30275	61423	11582
7425	31697	3938	9111	1262
14515	3130	3770	59103	596
44847	48147	23147	56811	44839
8949	48000	44762	56079	22677
48263	47787	25086	943	3852
3916	2356	6245	11342	19079
48286	7626	995	54159	53913
4249	14266	10502	60044	56411
1152	20029	1187	48005	8260
9744	23695	15476	21837	29352
435	600	21	99	481
200	37018	48828	129	8599
200	102	10750	10724	187
19707	2822	3725	7408	27265
48431	44663	24431	17668	6194
11165	966	44809	1140	56462
2865	3134	2152	214	56384
19079	49612	1211	19619	2356
48542	2818	3115	59759	2419
36658	49966	25645	4922	9271
9800	2896	1700	1629	171
42655	3298	11053	30718	4340
457	437	22954	15059	52042
435	600	21	99	481
48647	36820	10476	38176	47857
48671	41198	15360	11925	1262
14092	42504	43373	60589	43899
702	904	600	481	4655
17	18	29	42133	45020
1845	60827	54262	26015	2226
8664	44940	2991	46169	16535
29388	14384	23561	45262	235
3852	29	2822	17266	13752
1085	3132	28004	24566	22084
44771	17469	11913	19410	37398
234	614	2822	40456	37784
4539	2785	7094	54668	16564
702	904	600	4655	724
702	904	600	481	4655
47699	2545	2730	28771	5183
48879	594	6810	6831	44956
33	1398	34	5204	3181
48913	57492	60430	52420	3651
38781	12811	10149	18870	26355
7465	19780	2753	28752	11015
5721	1243	53575	27055	39422
1242	3127	38225	4285	20574
2439	348	3115	1210	28716
7269	48998	4047	36290	49033
8266	27089	6547	34003	3127
1257	766	1006	9034	5595
522	702	600	904	481
818	49160	1236	21629	21702
31991	36125	54555	27343	22232
25923	3295	52754	44740	6418
4737	28817	7158	50	24335
25859	79	1210	917	49562
2759	40503	47190	26015	25962
6075	29	1567	8344	3079
3130	27646	42163	14777	5313
614	50	29	13752	40887
49325	58353	655	14935	58597
5331	30189	14777	289	16595
49363	40852	28165	60124	38997
49377	36527	25838	688	23326
18843	31204	12266	43970	12279
904	600	481	4655	724
49432	4126	1262	20877	45288
49449	35133	25243	55743	8353
1138	48894	57602	2488	19748
3115	1775	2896	1223	917
103	12890	39094	46847	26918
5753	22345	26736	19181	16498
41801	3127	20548	44804	38225
22592	19069	22612	23128	49531
4986	23155	34258	2327	57274
604	13829	24505	629	61037
49604	9047	14388	9033	52493
542	7848	1316	1561	40545
35273	30659	22235	1642	22933
9932	49672	33200	19344	39162
2598	5191	24272	34709	28125
3316	16551	21176	21164	47093
12038	29501	39152	2523	50
724	4655	608	50	706
2150	1156	259	1204	591
27214	8112	10068	17065	25615
3938	1262	2045	1140	42955
3963	44457	19069	4285	293
483	465	734	32367	35188
49875	44503	15836	48000	56892
465	3233	4458	903	33
9098	15642	27180	31712	15641
29028	1558	15856	30879	18646
11978	58914	3298	30992	32963
435	600	21	99	481
25760	24543	9579	46848	59332
2673	37445	6716	15271	23659
2245	8651	37501	3130	42278
44971	5319	27085	14701	32360
31330	11201	17029	43429	61742
24687	6037	55126	3130	52603
50174	32657	6319	6339	6350
9244	48394	9116	16316	13218
1181	995	5023	8208	34010
50222	5167	1558	11317	4047
46571	46574	10448	41039	44134
2254	42826	52090	15529	54362
37277	144	28615	56413	49780
28413	57945	40915	29378	39853
3307	37106	12658	18055	3298
77	2967	748	426	8559
1324	33396	5204	4139	4466
15748	57965	594	6374	5902
50501	12819	25290	51752	4792
44972	50522	42817	29842	58320
3304	3298	1156	381	592
352	50574	41760	16534	21565
31630	30755	11998	943	13988
59	254	171	3115	100
1006	766	1257	337	921
917	31873	1775	7482	1223
5271	4703	4601	453	22590
14760	51054	56798	49958	37597
261	337	30697	16286	57421
50679	998	5596	12516	49629
17949	1602	17942	37531	12332
766	1006	1257	315	5595
42380	18635	29	56205	28636
1752	819	1558	13582	1466
37636	293	50920	5595	1262
614	243	57901	5028	40456
50733	5319	30753	2039	60402
8625	656	48816	46335	40769
50796	3089	41685	55722	19487
45282	13615	49779	42449	22758
3115	171	1775	1210	917
4075	49620	35203	36607	5377
50924	530	38859	3187	39963
1558	50979	37070	132	28040
31348	1558	44189	13593	32582
37518	47598	46729	19109	22839
714	3110	28	1799	685
2598	24513	15690	24279	44360
59137	24376	31345	13976	15120
2156	1236	28771	1558	50867
5552	3130	42163	8651	13855
51093	48578	34243	5169	15937
171	1210	1775	2896	4421
2730	132	6060	29107	1276
435	600	21	99	481
51144	51454	3151	3852	29
51166	34687	1210	59905	45862
35674	26008	24220	614	50762
51197	51195	21543	50167	17813
235	60683	7844	20626	50
702	904	600	481	4655
392	574	3244	1324	18996
352	41760	16534	50574	21565
5690	5023	530	42144	52381
8366	25881	5765	1262	23395
3940	22075	18685	47240	14326
7043	15808	1703	21259	7053
3552	3450	60622	27822	9443
13030	28851	3130	8651	36977
47	706	522	73	702
45886	51920	45805	52293	52289
5210	5195	19887	50710	56043
59	3115	171	100	18607
51524	28720	53618	3282	28771
7198	3106	32748	8498	59765
9807	50	40887	3725	56961
51590	42103	35747	44821	31604
7156	1085	46953	2094	58033
4802	5498	15657	5613	614
51616	58441	2598	27597	37771
1323	3233	44446	5668	50
6590	4280	3963	530	3127
5060	346	4076	32322	19069
51722	51723	27586	3075	51020
51749	1262	5924	61705	6290
3807	51777	2896	1700	19211
43453	2326	2355	53888	5169
9301	3852	2822	16791	707
8	716	32418	17882	12077
40316	8651	3130	32812	22275
702	904	600	481	4655
51926	28771	1677	8938	13348
42022	1211	18389	59282	54815
8873	1299	4047	3298	21709
517	3923	13725	1145	4298
12855	23089	37613	3232	36688
103	12890	39094	46847	26918
19916	3233	50	99	5668
16870	3130	36325	289	34063
18251	46625	596	15860	13047
54946	44557	13332	46969	1700
30786	42662	35977	23793	26949
1210	27602	53888	19343	28752
7408	5027	7367	2822	49818
52113	21163	49607	7379	43255
25406	966	1140	14165	44809
11431	34237	46194	49683	57274
592	381	288	641	28851
23089	12872	578	32522	43073
702	904	600	481	4655
5681	50	36243	18576	40774
12959	52217	11508	50898	61149
1140	58685	52718	574	465
1430	50	3233	57471	5029
2181	28146	7996	24172	58262
2547	1236	1558	132	15858
51750	2544	6635	38156	49586
1768	2830	54362	26905	46855
13505	1558	38286	25985	6133
570	562	463	572	40303
19059	99	3233	12066	7547
9688	11919	53870	29	12307
42267	8452	10375	35829	4275
592	381	288	286	641
1156	591	121	2150	259
52491	48163	50435	1236	14312
2453	1763	58264	35755	40480
1644	27401	43143	59388	44295
466	39748	4273	9927	3259
29133	52032	52523	48031	29113
14339	15709	15106	31785	26927
36334	49450	54221	6119	60337
17235	59319	4249	14266	53621
50	35593	27228	35353	39113
23075	14922	2488	45033	3233
24749	574	18551	465	52616
31271	4872	56389	4874	25980
8	50027	52669	19925	6
52662	57895	3916	44609	24862
3240	614	29	608	11907
52702	1262	60466	36637	25899
5092	31998	9693	49844	8474
29	4040	18365	49818	614
15512	5456	10975	2896	3780
13236	574	5307	3271	18615
6583	6906	1489	6502	43362
702	904	600	4655	724
39635	3720	41162	21228	37421
52822	3295	43114	50876	18323
52839	54430	59234	21346	5511
702	904	600	481	4655
21810	5340	25713	47706	61795
3244	50	903	99	3233
7072	23364	14084	7193	544
24077	1324	61521	2965	54100
1156	591	121	2150	35
27947	36598	14843	52718	2047
38580	1489	574	1007	6957
46968	46969	53026	59477	35314
5148	1912	31998	1272	5039
53174	36662	8	50726	54301
2818	1775	3115	917	2419
3623	1264	3406	9488	37473
117	2020	132	1558	6060
49231	50	3852	24412	5512
54525	46255	30081	572	54529
360	1262	56335	3288	23872
19035	3233	50	25184	57471
46804	26050	9176	45883	45908
46775	43995	12430	27514	21180
2154	887	22942	714	54221
4421	2896	1775	917	1223
592	381	288	286	641
2934	48296	5595	33128	6223
3051	60009	29974	40398	3046
1775	1223	315	1177	3115
12474	47243	59403	59405	19174
252	1140	52135	35808	49310
38971	55328	55243	34709	7013
3288	1085	1262	3271	52189
1258	48844	38156	56902	15237
1227	3127	35715	32596	31283
99	3233	50	4458	465
10480	17266	3852	6	40205
2148	43820	6223	50527	5241
53629	4047	15476	2311	2285
288	28851	8651	3304	4890
9758	9770	9760	10444	50239
465	1257	42955	3938	9111
31630	30755	11998	943	13988
563	1420	16500	55	12067
53726	6173	59842	23045	5356
592	381	288	641	28851
273	40905	52719	34197	60445
1589	30015	30050	5504	53751
449	3127	37652	8192	8266
53792	45920	9701	32332	5822
53851	8437	50237	55032	27506
13338	58685	9402	1140	15605
8	50027	37784	52669	22805
53891	29584	5545	5499	5557
1324	9080	5681	2339	19095
12303	614	7414	25424	18365
6488	1210	28752	17489	32601
1156	591	121	2150	35
2453	1763	58264	35755	28411
19165	235	25339	19990	639
8350	29	12307	7293	499
2982	35067	54063	1187	13718
6769	50	21918	47459	2760
1950	35715	3127	59187	49081
29782	47782	43022	47800	47965
54189	656	46337	49325	48183
56241	1601	17800	8256	37613
9424	7075	7140	22956	27763
887	22942	714	53193	6768
3130	53251	34063	54849	22233
7664	61316	13507	2523	8353
4583	10916	31328	21024	5319
1156	591	121	2150	35
59	171	3115	100	18607
54440	8248	56941	39568	54466
54511	16827	54501	45627	14757
54527	18508	54541	61724	32808
22575	19619	13123	1236	5183
689	59765	3115	53888	18015
9435	18531	50461	26375	46985
453	51413	489	22593	61408
9341	9340	51641	25259	32745
54671	34861	54666	2785	54791
721	55864	614	1333	52670
702	904	600	481	4655
352	41760	16534	36135	21565
5713	56748	34361	36021	55261
290	4249	13340	19514	56411
25899	49774	26694	1223	1262
47678	39774	58685	10710	50642
463	60528	56939	53254	305
299	57896	3221	8744	43013
12650	1236	21712	18933	7104
13811	13711	41986	15705	26927
54141	28771	29160	61037	21313
702	904	600	481	4655
12107	35977	3652	18300	12014
59	171	3115	100	18607
49559	26736	1210	3634	12706
1156	259	2150	121	591
31525	293	43999	15768	1164
54950	47830	32050	8157	43442
1262	35977	12014	26949	1210
435	600	99	481	5650
378	18047	3130	54717	41111
19793	8522	58185	53396	43117
49399	903	5681	28591	3233
3581	13412	6831	594	6780
2896	401	50859	200	102
1886	1913	1142	31395	48819
53426	12826	17254	57718	21029
53312	1629	55453	8052	10951
592	381	288	641	28851
439	9627	45564	33415	3859
13756	36429	43134	53423	46874
24472	5169	1210	3603	55433
9385	5732	3852	58797	61316
16476	12320	22075	15007	14319
58688	1262	9549	5903	37838
877	11001	35978	11352	4204
22235	30659	35273	42505	28228
23332	61419	293	29949	8723
43675	20361	49123	6813	6831
47559	55326	44901	38873	6219
5208	2356	916	32401	59749
1156	591	121	2150	259
29484	26596	21324	7890	25600
28461	1345	2356	5169	13487
214	3348	1629	8006	102
1913	6223	59700	57210	15453
10051	24069	3127	24103	61115
6422	5112	18104	40829	42748
55572	42948	41188	52747	17857
4897	33054	21324	40915	35289
16408	61425	6732	34361	9380
55629	22080	53976	28229	54159
55660	12171	1908	1909	2148
55216	41433	1140	9576	58685
3272	20084	30089	28117	50055
1420	57030	9377	50678	9347
702	904	600	481	4655
1407	55212	3035	1411	1324
27377	29535	2904	1700	51733
43271	3655	3653	21372	49644
707	61124	61342	56205	39152
55846	31044	33203	45547	3257
8353	243	3852	3706	16645
702	600	481	4655	724
55874	1558	132	1236	17808
55880	55149	3283	2655	25910
10974	7076	11124	34089	88
36601	1085	3288	1262	23526
17677	28349	55947	56974	26123
132	2020	6060	1558	51439
45894	13976	28675	58455	24391
748	7072	45163	14084	7193
18468	44718	18460	22302	18461
30456	32239	25445	10523	56389
18071	1236	37706	35871	61371
10745	16631	201	50830	13617
56121	49996	50780	10837	7442
714	50	6120	759	685
10932	1140	49107	966	35203
315	293	9034	4743	1257
3170	29352	2545	669	19893
16551	21176	21164	47093	44132
877	11001	35978	11352	4204
5462	971	46158	24371	57330
15	13418	15663	4404	31998
200	47895	48828	43973	37031
19999	22583	56313	41115	1425
2598	7013	5191	24272	34709
685	3151	18	724	522
34314	19535	19545	9851	40579
2523	13752	614	58640	61316
8006	22444	16312	214	16323
56431	565	21702	1339	44368
56478	24010	3628	20799	31910
51517	61336	44189	37285	2417
10575	9645	39413	6259	38200
56542	12516	55112	57579	5906
1156	591	121	2150	259
56564	39166	581	51326	34154
28272	27227	46559	27237	47940
3391	594	425	55909	31361
19396	30189	21191	289	3130
3063	1140	58685	52606	966
1420	12067	12068	55	17857
1156	121	591	2150	259
3115	171	917	8498	53888
14	273	6590	465	49844
14939	13447	56643	15245	33202
454	594	5424	2967	50536
56808	1262	59907	29863	8554
54999	34901	12649	32390	50619
29028	1673	6076	42022	21620
3729	614	29	55570	17932
56840	4136	25140	614	60361
19078	3130	10931	6031	6469
4883	1262	11232	54798	21413
56917	57355	54913	52293	2544
1257	9034	19060	6996	315
1732	6	50	1570	614
10684	48175	10196	14562	61333
54436	61159	56942	55847	54434
32792	29574	53247	59833	54530
1156	591	121	2150	259
25709	21776	34934	35046	42546
59	171	3115	100	18607
586	4047	1558	2150	52449
10070	1210	13178	8498	35496
9718	9488	35229	5350	60430
753	31380	20737	24811	1243
401	843	3941	2896	9800
3298	43527	21773	3304	49587
57066	3652	1262	9509	47448
1629	401	200	2896	50859
1567	29	614	6	3852
3259	1262	44422	23934	54996
43511	27836	4558	10904	5276
702	522	600	904	481
1156	121	591	2150	35
397	48825	58499	55038	56769
11746	56423	53297	16245	56401
23851	1700	43943	42521	55830
24788	3923	4282	50504	5721
732	25098	1140	7422	33468
57281	2544	21313	45822	45339
18734	21447	1262	46050	15782
53158	41254	8021	9800	407
44192	29730	43731	58503	44088
226	7696	13752	29	614
57317	10345	17078	39668	39607
702	904	600	481	4655
2187	21047	22050	11540	43560
171	1210	1775	2896	917
57357	3282	29028	61016	42022
1723	401	3115	1775	52638
8662	36166	37873	47489	11456
877	5191	2598	7013	24272
1775	3115	1262	49413	31873
28598	11575	34342	46969	27978
4249	56411	40481	44905	47694
28655	5822	53804	39782	39997
57445	57457	9347	9339	51638
1858	3233	7588	3900	33394
6794	594	24190	24178	3548
966	43342	40936	14497	50117
12820	40909	57955	32441	57945
57528	1262	40183	53446	52476
29276	39113	47204	50726	614
21349	1236	43047	33050	2156
14355	1262	39750	20896	12460
57600	11844	44573	1324	33396
702	904	600	481	4655
42195	944	45500	44369	41896
35157	2578	44202	40915	38365
3694	18673	9549	25664	45851
943	2209	21228	28355	30755
298	435	71	1140	600
3130	57678	46625	36977	596
30440	360	1262	5924	30805
1324	44573	51033	15220	52943
659	2356	5169	22795	25942
376	9116	402	60439	45908
60650	55030	3295	38086	43653
11108	3298	46648	1810	30226
57373	55666	37876	44271	36166
465	3233	50	99	4458
1181	5023	995	8208	34010
2724	29028	1673	21620	5543
6724	49998	41167	15271	3130
2736	2578	5077	57952	5105
57966	3141	10414	34951	8260
126	44671	2598	7356	27597
46555	51963	23089	51960	59641
18263	18239	10104	10106	36973
1156	591	121	2150	259
61138	35047	52562	21124	52251
5167	41655	28771	17038	53096
13855	3130	8750	52333	47676
58116	38176	40204	36276	34513
58134	40774	45832	22469	26532
6122	4076	5595	11201	23124
844	4047	3298	132	2150
3014	50	3852	40188	29
11414	33274	60019	5681	5640
19919	35882	2822	11121	614
1210	58180	3106	44066	32748
17803	2544	21315	15407	54804
592	381	288	286	641
18471	34933	4340	31471	25677
49477	14252	8451	23911	29425
435	465	1257	42955	3938
13348	39401	23677	18414	40083
602	259	3916	2896	1156
2447	6060	132	34400	20178
1272	56336	40905	44194	47252
47943	44309	59123	44326	1629
3955	61064	24599	60379	10586
58362	46115	10839	11900	25778
2154	887	22942	22174	22934
58397	1163	594	27719	44514
7782	46930	738	19297	26607
34090	9858	43746	594	36674
43493	2818	54501	1775	16827
132	1276	30904	1558	2888
16874	32601	25879	46026	18171
6295	58462	32657	1922	57722
58492	30307	49492	8067	30335
29056	43803	43845	29729	58958
346	4280	40862	11201	9034
22130	45604	15205	9198	10062
17827	47018	40774	1324	614
465	435	99	522	50508
6121	58043	25225	40074	853
59948	54262	54320	45462	26849
1156	121	591	2150	35
58674	36688	48175	28136	1602
58694	3653	57076	34309	39338
702	904	600	4655	724
918	3603	28716	917	3117
973	9838	551	37724	2523
58735	1838	54352	29065	20221
24220	29	703	26937	6239
6	3852	50	29270	13752
435	298	71	1140	652
18232	614	19925	54065	29
1156	121	591	2150	35
3655	2498	459	3653	18109
4028	1007	38319	1489	20984
31571	1561	43169	43762	58500
360	1262	30183	23872	3288
6234	574	3129	903	3181
42999	60430	9488	48971	45723
21502	48292	7650	1261	9657
24419	3298	4340	4747	24406
10032	33842	9876	3127	530
37704	61064	10586	54948	17170
378	54717	3130	8651	50992
34046	30626	30081	59833	60097
2598	7013	60065	24387	15690
26922	22577	7862	61533	26913
14355	1262	39750	35922	12460
59024	59036	29616	2759	59050
1156	2150	259	591	1558
732	53127	6957	25098	41247
45611	1262	11222	11191	53171
2103	16479	47240	1929	32216
15	31998	13418	27243	15663
2519	1558	8598	22620	28771
12525	3079	50	21817	13521
2865	693	3134	2152	214
12044	40824	685	9364	11849
29701	15808	34561	839	59213
3079	50	5656	35606	22359
3653	39158	57076	39338	42911
1663	637	27906	8599	10724
32997	28066	594	28267	18485
7272	3298	23988	18379	24570
9433	11389	59195	6784	49181
685	702	600	904	28
28826	15140	2985	53819	31607
28799	41608	60465	11228	35133
2156	28771	1236	1558	2150
7443	7416	639	30012	614
435	465	42955	3938	55717
21313	54119	45822	57275	45335
37	738	25105	1319	1784
59447	1324	30979	2339	56534
24289	31954	2598	4933	45187
42132	289	3130	3770	47574
59	171	3115	100	602
522	702	600	904	481
12525	3079	50	44297	10281
360	5918	28546	409	21456
42103	734	1140	23067	903
36569	50	48433	35606	29
59630	1464	23664	32367	49633
46623	56816	8090	10206	10345
702	904	600	481	4655
59702	28259	4311	1184	13758
3108	56256	38060	19056	40329
48881	25646	12683	43314	11389
3106	3115	45491	92	171
1156	121	591	2150	35
2813	9843	19545	49361	56355
14939	36493	36057	36058	36054
3612	60650	59809	6423	20121
59657	61128	24026	59656	59676
13587	22805	13752	29	25322
30762	8576	16934	33165	56973
44501	594	6681	4525	35287
59879	57114	57109	42244	56752
18	738	50	15765	53870
1156	121	591	2150	259
59921	59943	51545	15370	18241
1570	29	27733	3852	3741
8089	44901	34119	26463	1929
60002	19225	60019	34	31366
3603	59765	5169	52142	56801
3852	29	16645	2822	13752
522	702	600	904	481
3221	43013	57896	8630	7598
638	60536	30794	29028	21133
3623	1264	3406	37473	9488
435	600	99	5650	3233
2785	5897	38168	37516	46134
758	3130	41361	28348	47574
3653	42911	49607	39158	39338
60191	55905	60182	30659	35273
20486	31991	27343	7921	11950
1759	1489	1127	734	5649
21508	1210	31770	44658	3863
10273	29754	22638	13984	14792
73	235	242	522	706
60365	34884	2785	33719	42503
100	1223	921	1775	917
435	600	99	481	3233
576	132	1558	15405	2730
14396	3852	29	2523	5613
13697	42351	94	48971	28959
60449	34512	27645	37884	59546
9735	29535	6931	30246	9800
887	22944	2699	38548	53657
1394	1411	1007	3739	7579
1323	3233	12066	5668	4458
52033	14996	21657	27995	1276
60526	31643	31607	2985	24376
60547	24356	8555	50131	60546
45617	25879	13178	1210	21848
20301	11201	19557	5595	7281
1324	2488	35780	9055	31038
140	34712	28606	15808	44557
6138	40156	1236	8433	1558
42906	51407	27822	32202	54867
29799	28252	26414	38777	31060
187	42456	104	2874	42460
60706	14414	60704	59497	24356
28280	38737	28286	1299	49074
8190	35966	293	15783	42320
2654	3130	2687	596	2564
60781	19309	10416	60782	1179
3852	29	13752	16645	3725
1152	39426	1187	20029	60633
51023	61182	35264	59066	36254
600	702	706	4655	904
26950	33298	41084	14282	38073
60894	3959	8437	21115	36544
706	685	522	3151	18
42283	53467	9969	59262	22163
20221	45323	1817	50	29730
1156	2150	259	591	1558
11001	35978	11352	4204	45240
59910	1276	1466	15858	36339
4839	11228	622	18621	37068
2932	30867	3852	61342	12059
571	38176	53261	36345	37625
1156	591	121	2150	35
16467	41990	47211	18685	3887
40991	50830	22768	187	60544
3079	50	35606	22359	43212
2322	33181	33596	560	33127
40078	25225	6121	36297	47874
6016	14792	38529	39786	40442
3115	1210	1775	4421	2896
417	53621	19515	41012	52935
55287	6246	45808	34687	1262
12910	42103	60029	734	12925
12042	50	2822	3852	39152
747	3352	15688	6105	6121
23904	29028	28771	1236	2746
1156	591	121	2150	35
61259	2258	2357	9206	2244
29	16645	7417	2822	253
59	254	171	3115	100
3130	596	10922	36075	30189
4732	16645	3852	614	22805
33838	819	1558	26613	15856
435	298	1140	465	652
41744	2145	39260	29	39152
44809	734	1262	5461	15517
1236	1558	132	30879	22480
59	171	100	18607	602
621	6473	33104	3130	13855
34937	5681	38318	39119	6162
61426	18290	9960	21580	55369
732	33468	25098	35188	1140
647	20198	22102	48435	12460
61481	29388	49436	3079	16594
6390	47980	44762	53769	59027
592	381	288	286	641
3623	3406	1264	517	9488
61527	48176	58987	50	61114
43271	61566	34315	55336	35420
2818	1775	3115	917	31873
19777	57530	6162	5681	58354
517	10159	17257	4311	10139
6016	14792	38529	39786	40442
3	49620	25707	8389	35188
26777	24461	45335	49879	18899
17705	3130	25674	8651	3298
3115	1210	53888	55443	61683
1261	10527	28732	40009	34516
8319	3181	39054	52562	53147
3640	25869	3235	1468	59968
1257	766	9034	19060	5595
58105	33596	33170	2359	33169
1316	738	940	20693	4655
3101	36125	28085	50735	46285
10224	22220	34933	3130	22212
61848	3079	50	27530	235
