1436	23	699	4015	2017
2281	14423	38353	10059	2497
159	141	134	17301	25955
38087	2179	28108	17620	25895
2497	4852	20253	1066	639
2506	26665	36045	781	2657
400	2121	7505	20071	3872
3208	7700	3076	9911	2
249	514	12405	8292	33410
474	1436	699	389	2017
946	1494	16740	1564	795
3703	958	684	555	978
578	27926	579	1282	3345
3703	555	255	8347	978
1033	10132	24734	18916	24191
1061	21110	4469	38103	24118
1226	25595	1240	1243	20489
27926	579	3345	5142	14044
1420	37436	18974	16271	10340
11753	38020	9062	14010	27670
17816	6292	17818	17821	3599
1993	17785	9775	31049	9767
2153	6075	9491	30178	35691
16740	1494	6056	795	291
2213	4045	2226	27210	29622
2346	23123	2397	14532	37141
37307	25231	21502	3787	2427
946	6056	2547	1494	16740
347	1066	2497	643	2434
11960	6128	7259	4350	3269
2785	1452	9911	3208	3988
33212	2809	10307	10241	27134
2842	17200	23265	4553	8716
18854	18708	6942	24736	14703
3054	28502	26280	3769	18231
2506	2347	3144	573	383
3177	8615	35492	2327	17202
3234	22394	32915	3827	18635
3262	3640	3287	20259	15518
3347	4824	23225	10199	2497
3372	3404	3473	3506	3401
11035	3445	4505	2975	455
3703	564	8347	555	958
3679	35435	15433	28731	36052
564	3703	684	958	555
2068	365	8381	5926	1205
946	16740	6056	1494	795
29576	4172	5999	1660	29247
1635	23110	3225	12856	18758
149	3703	8379	17373	735
2992	5999	29247	1660	2027
474	1436	699	389	2017
2538	4339	1066	5488	29663
4385	4368	8605	12678	4384
5488	1270	931	1781	4407
9911	1452	4159	3208	3951
946	16740	1494	6056	634
4699	469	1896	9490	1260
3238	4640	2787	15815	6824
2605	4407	1781	1270	5960
4913	2397	23347	14532	19092
1066	2497	931	4537	2281
5096	35071	34452	34208	36033
9460	2747	6056	16740	6051
5311	2506	11698	5261	287
3965	5416	11444	4188	2550
1066	2497	347	931	2281
573	2347	304	2506	285
5556	3703	17224	6148	5557
33649	5613	34458	18635	3703
946	6056	1494	16740	634
4379	96	2497	20573	6466
2350	966	1383	2027	15840
2168	3622	973	1257	4016
5861	5963	32277	25135	5942
1066	2497	347	1073	170
2347	573	304	7712	321
946	1494	16740	6056	795
6135	1596	526	3703	564
258	2180	284	545	3080
3633	6325	32653	14195	6324
6244	340	22327	1355	3676
573	2347	2506	304	7712
5556	7952	8074	2121	15403
1452	3632	3988	9911	3076
2975	11004	3445	435	27853
6458	33715	37878	23693	17476
6646	18231	7955	5645	28502
5467	5518	354	5464	9407
1066	2497	347	1073	170
2939	531	3079	69	14190
4186	5459	3315	356	5871
6943	31212	9798	33832	27074
3315	4186	1085	356	5871
7025	6993	20438	23044	7030
36677	10233	35912	12058	27767
36652	13186	6923	18178	13034
6128	7259	11960	4350	3280
3703	564	3215	8347	11079
10	450	690	3599	2168
7386	34323	9899	27121	10300
3703	741	564	8797	1596
30663	24623	30580	3313	11332
7582	26872	1452	27191	3076
573	2347	304	2506	285
7677	9051	1448	233	19397
7721	38103	38106	34714	7719
1066	2497	347	1073	170
7816	25081	26919	22591	7879
7898	30034	24148	31207	15200
14080	1727	13758	1735	466
7958	25309	11050	29565	28502
1412	363	2059	488	3923
23588	8056	6085	31048	20800
3898	18753	31056	15113	6191
3970	25595	18642	6815	4277
3703	564	8347	555	958
4	2219	596	768	3703
8406	8413	27557	8429	8414
4113	37214	34237	6824	3238
5296	6719	2347	2506	946
3076	1452	1436	9911	1426
8620	28148	483	27142	22998
573	2347	304	2726	7712
5295	4699	469	1893	3422
3703	958	684	564	555
21655	11766	8770	36225	29154
3703	958	684	555	255
18302	27426	18284	32486	18283
8925	18820	36897	5166	31058
8964	30721	25793	35953	23184
1499	8984	3784	35336	32404
9070	29717	25239	10962	37015
3703	958	8347	555	684
2059	9107	1412	488	363
4648	35866	1670	7473	6873
9368	12209	34031	19268	9346
1187	25595	18652	25060	18648
9505	20719	10199	28548	24211
9562	10935	12409	30004	5904
2497	2281	8126	1066	20553
3987	14213	20	745	1331
2506	2347	3144	573	383
946	2128	1674	795	5988
37991	9822	9820	31578	35866
9862	11079	8347	15403	11631
16214	23460	11722	946	5518
9938	9911	27837	28108	4009
9952	9960	15403	4978	5556
9978	10635	38250	4292	10023
9125	9138	974	1209	2017
8651	10122	10106	2167	2506
11282	10168	13744	26388	8275
3208	7700	3076	9911	2
1066	2497	1073	4537	347
196	2550	11356	813	14771
548	8243	12405	249	8292
2975	3266	3521	11004	6826
3703	958	555	684	978
3222	11332	24623	30004	25951
10551	25595	8180	30696	248
10622	31347	21036	31339	4699
18307	3550	7046	12566	11689
19471	6244	340	4864	2290
10732	189	13327	10745	12224
10773	7652	15445	8361	1905
2225	12770	25127	4911	11098
595	596	3703	4013	14213
7937	25602	1084	12301	4009
4604	5371	3376	8289	3779
17691	2506	36329	2552	36310
10976	466	2791	25595	1727
11073	34263	31207	6573	30033
1398	12209	9299	34031	12203
4790	1209	7895	4174	12540
34271	1720	23453	27992	1761
15403	2121	16	7952	6643
3703	684	958	564	555
2939	601	22206	69	3371
2550	11356	813	14771	2632
11385	3509	3177	3477	23180
2550	11356	813	14771	155
9442	25595	3386	4699	7132
11538	4652	552	23953	11391
11578	28745	11566	4958	34735
5837	3080	2763	284	2180
11677	11676	5000	27464	14623
11743	3703	958	33649	978
11781	7717	26139	11775	11776
7281	7271	7275	7264	7259
11891	25787	11872	15978	11197
1412	363	2059	488	3923
22735	10228	3136	11968	7255
5607	16740	1494	946	2507
3703	958	232	274	3706
561	2156	1766	3703	934
12150	3663	17429	12168	10326
12215	1436	9138	8506	3315
12251	3326	1494	14145	14401
12268	12274	12263	1765	3732
3703	564	8347	555	958
1494	946	1564	899	795
1893	469	4699	2631	1895
239	233	12891	901	17170
3703	564	3215	8347	1596
8797	10855	7505	18231	22935
12524	12495	10641	3363	12435
8352	10326	4186	5871	3315
6826	2975	3266	6406	9438
4127	664	1660	12488	10828
579	27926	34906	1282	16894
6	3703	596	708	149
1210	1186	1171	26411	10161
12870	619	12861	3198	12847
12913	32928	1438	34736	25611
469	4699	448	1260	1896
12951	23178	12959	36677	7132
2900	14404	24639	147	3891
973	2168	3622	5138	5885
13038	406	26054	27428	37049
1900	16740	33862	8108	118
13204	27752	32298	9798	23803
13258	4748	35887	13261	13264
5926	14276	4328	9892	1268
34389	13312	2994	34403	34391
13384	3177	3437	3483	11270
1579	33593	15259	19324	13466
13508	17476	6445	17221	36224
13560	28121	18250	32667	30399
27926	1282	579	3345	5142
13659	17971	21524	17976	31849
12023	1436	2106	23	974
13746	4699	469	1893	438
174	2331	17971	155	21524
13957	13962	31464	24444	13934
557	3218	17429	340	6244
3703	958	978	3706	8347
14064	1032	3848	33365	13548
749	10233	7089	5431	750
3703	958	555	684	978
14159	2281	13176	28548	4855
3703	564	8347	555	958
14267	548	8292	5405	12405
11622	269	14298	19397	18049
14349	7102	23886	32593	9483
1412	363	283	2059	1436
4116	32782	2786	37155	9051
233	12891	901	17170	9051
14404	147	14420	7765	18713
5926	9892	25595	14276	4328
711	8347	5740	978	564
1205	2943	2068	1026	647
14587	14593	14584	14585	14601
14646	3663	22873	7435	4865
14738	8797	35648	18635	11940
14776	25309	22342	28078	22476
11004	2975	435	18322	3448
5443	3511	2939	531	3079
5926	9892	4328	14276	984
14889	25595	38019	31267	37527
4015	1436	699	1021	10131
14973	10800	10812	2236	26580
21655	28745	13138	8775	22553
4652	11391	7841	1660	4489
2027	1383	2350	15840	1330
1918	3897	13843	3942	1919
8440	1660	664	22338	16167
15179	14372	33927	15611	33950
15206	27926	12673	14044	579
3315	4186	374	10326	12396
564	3703	5740	8347	31
15341	23561	17476	15416	36536
3703	6	735	596	149
3703	564	3215	8347	11079
2101	13635	8905	6643	7952
4239	48	15	47	8347
15518	24623	36040	12409	3315
15636	25602	5902	38289	21082
11338	11766	20678	34212	20252
3344	31105	8152	3921	3348
1918	14437	1919	3897	15096
34403	34389	25268	21375	34391
14155	4159	9911	859	4161
12837	6228	37552	1946	15795
15877	22943	26577	31058	31103
15934	15966	9435	3390	20374
16031	16044	16106	16043	16038
946	16740	6056	1494	795
450	690	3599	2168	5137
7437	561	934	7950	15403
20060	7952	14311	26337	1864
2203	9911	1436	4790	2238
2	3208	7700	5207	91
363	29188	12215	2157	30565
3238	4116	98	16455	236
14437	1918	3942	1919	4144
16527	28548	2281	96	25861
146	3893	4144	1921	1939
1494	946	899	1674	795
16676	11753	22083	7233	27419
16728	36336	36273	27641	27679
6056	946	1612	1494	16740
16760	11753	18298	18340	9483
3703	958	555	564	8347
5847	9636	931	395	2494
3703	8347	13082	555	3800
2506	573	383	2303	2347
6143	17055	8119	8090	16897
5585	9293	29337	35153	30169
5926	25595	14276	4328	931
16898	32841	8952	11444	4188
15774	35866	9218	15554	6873
531	2939	14190	69	5443
146	3893	4144	1921	1939
4027	3213	4006	1660	2739
274	555	3800	7453	28
1066	2497	347	1073	170
3703	149	732	10801	5505
497	8292	249	33410	511
3703	958	684	564	8884
254	1596	568	564	4085
17321	5124	13782	2761	5645
17364	17369	17366	26612	11994
11949	22735	18462	3136	18467
3703	564	3215	8347	11079
1066	2497	347	1073	170
12411	4916	4947	38353	28548
16501	30399	26985	30869	6734
10519	17643	6972	1599	118
10	450	690	3599	2168
20573	1120	2497	20553	28548
3208	7700	3076	9911	2
33547	3907	9775	19135	36726
25595	5926	3683	18950	1153
17844	27666	34416	37894	10027
6056	9460	16740	2724	2747
17920	19393	19328	22064	32796
3208	6836	9911	2	5207
592	37552	15795	3207	1946
2459	28126	5527	20573	20253
487	13180	3315	1436	1085
2180	284	258	8681	3080
10239	22958	10238	9504	21387
684	31	5740	234	564
4838	15316	17972	1083	24235
35918	339	35926	4942	2167
4872	4508	18254	4224	2167
18310	3125	3640	2325	4090
37552	15795	3207	1946	12837
3072	4971	27773	1452	27770
3208	7700	3076	9911	2
18451	7848	29352	4087	15599
11949	22735	18462	3136	9706
573	304	2347	383	285
10260	466	28456	19125	6392
2989	931	25595	2963	30570
5388	1452	18240	3988	7877
1814	2038	30084	2046	22088
710	149	735	596	1452
18645	25060	28233	18653	21357
10326	5939	7508	1085	16627
946	1494	1564	634	795
18774	18775	34735	18275	28778
18858	29717	33547	25239	34403
1361	1282	27926	26244	17970
18972	10516	18507	18973	29640
4718	1452	9911	19007	16837
2720	8670	9141	573	2568
3703	958	684	555	978
3703	564	5740	684	958
2038	2046	1814	29735	4955
573	304	2347	2506	7712
2791	6392	10976	28456	33732
9729	1998	420	14698	22259
6	11854	567	4056	604
3213	8379	12834	14213	3986
560	565	1398	17859	42
573	2347	304	2506	7712
931	1779	12748	5847	8513
13988	4045	954	2226	21239
249	71	514	12405	8292
5871	4186	356	3315	10700
5617	30869	30399	26985	32734
573	2347	304	2506	7712
9453	22442	9454	19721	37973
22182	37434	12060	37449	3862
14844	6643	5695	1864	15403
1912	1282	27926	3345	1314
28973	11544	14866	16746	14859
3208	7700	3076	9911	2
558	19596	8350	8351	19649
7587	1436	1452	1422	8385
19845	21205	1083	17486	18915
19904	30064	18403	29443	37446
3703	564	8347	555	958
555	3703	684	564	31
9106	13	3365	7573	27188
20025	13474	22856	25039	32010
4699	438	469	1896	9490
48	47	4239	3703	15
931	36570	8504	2497	5847
3703	31	564	555	684
18132	9798	36841	30792	20120
17307	5124	5645	13782	14311
2046	1814	29735	2047	4955
4832	37766	35647	36335	6107
8565	8521	147	13327	17297
2038	2046	1814	29735	2047
1140	1452	605	3208	1436
11177	4202	7935	4203	1761
634	946	16740	6056	1494
2267	9220	23028	8899	13109
13635	2990	13634	15403	2121
3703	564	3215	8347	11079
20515	17112	15599	16941	15611
7314	5137	973	2168	4016
297	3622	4016	973	5137
20573	2497	20553	28548	4886
14732	3238	13109	13635	10958
1917	1918	13845	15105	3897
1957	38182	18904	22084	30217
20703	13123	14252	14766	33950
20722	13866	4094	9914	1426
3703	564	8347	555	958
10307	8620	14596	6776	22839
3703	31	564	555	684
1918	1919	34613	15729	3887
946	16740	1494	6056	795
3703	564	8347	555	958
35866	5902	20920	8394	27472
17109	12409	6217	10645	14501
3874	1524	735	3703	596
21020	18916	26388	10152	11282
1436	23	699	4015	2017
16740	860	946	2507	6056
2939	69	3439	3079	601
21185	34614	15158	7491	21180
21212	32685	17362	25168	26580
5539	24242	16654	2121	7402
26900	9052	26795	850	12614
573	2347	304	2506	7712
12880	602	12837	619	15795
3642	3701	7381	35113	455
1066	2497	931	347	4537
21509	10288	34142	17697	13750
21540	17971	21657	36870	21516
3633	6325	32653	14195	6324
6056	2507	16740	9460	946
5385	745	14213	3987	20
18307	3550	7046	12566	11689
3208	7700	3076	9911	2
21622	30715	32667	25449	30714
21655	13136	24456	21644	11766
21698	21697	21702	21756	21732
1205	2068	2789	5926	19383
21875	6873	35866	15774	10149
4439	1270	4407	27042	33342
22007	21978	21972	34284	14053
3703	564	8347	958	3215
573	2347	304	2506	7712
946	16740	6056	1494	795
3208	9911	2	91	5207
561	7437	934	11930	3170
9138	1209	729	20269	7895
22145	32306	18266	27820	16292
8877	34735	16333	4787	4958
3208	1452	2	3076	5207
484	25595	3439	466	3079
1066	2497	347	1073	170
1066	2497	1073	4537	347
22290	31746	17476	6445	14284
22322	1084	34492	27507	1083
7950	7952	26337	7971	8062
22383	20047	22068	26696	3703
1140	1452	605	2121	3208
1660	4127	8075	664	34867
1755	22492	6466	1066	38353
22531	7862	22545	22551	22534
395	25595	3019	29177	8534
4	2219	596	768	3703
634	946	16740	6056	1494
484	86	65	3439	25595
6292	19150	3633	6337	1852
5607	3936	6056	2724	6244
22717	26174	19200	38404	1777
363	3315	1412	283	12215
514	12405	8292	33410	511
946	16740	6056	1494	795
4526	11079	564	3215	8884
13747	1887	17187	17200	23261
5207	2	91	6770	11932
22817	5926	6192	22822	9892
11083	13801	1436	8472	28452
22893	14650	19885	1084	27507
1066	2429	4537	2497	1073
11404	3778	8690	2822	37484
3049	1140	449	6063	1596
3315	4186	10326	6304	7508
15774	36655	35866	9065	14735
813	2632	155	2550	5238
43	965	2759	13778	3237
1205	1026	2789	647	2068
347	1066	2497	6244	931
931	5488	1270	2497	6244
23233	22799	18176	17525	18221
4699	1896	2631	1893	8695
474	699	1436	389	2017
931	5847	8513	1270	1066
23414	35071	32951	23064	27766
23454	34271	23453	1973	36578
23496	14532	36042	32936	327
3970	25595	5926	4277	3110
23536	23825	28006	28819	24608
249	8292	71	12405	514
23581	36536	34662	26747	25151
23611	22083	35271	22550	7102
946	1494	795	1564	634
23707	4508	37912	35918	22172
10207	2550	6191	3921	5229
1140	1452	2121	3208	5207
1205	4264	19383	4251	2789
23791	23788	9859	38331	9848
23857	18974	22977	34011	20885
3703	1542	8347	958	13082
3703	684	564	958	5740
441	585	23756	559	32794
14463	561	7437	934	463
12058	749	10233	27767	36677
23998	31207	34263	28785	18596
24023	18351	19388	11530	35866
3703	564	8347	555	958
946	569	1494	1905	2697
438	469	1896	9490	1260
454	25595	5926	3683	18950
12458	1426	3208	9911	3076
3862	8797	37434	449	2121
71	8292	12405	514	18916
1494	946	1564	795	16740
5644	2121	15403	7952	18231
24237	36043	27409	28362	33458
24252	27398	26054	37300	4507
7041	35822	11433	1924	24327
376	4186	17429	2881	3315
24378	18228	3703	3211	3235
2632	155	5238	2550	6190
24520	15948	3672	1083	36554
24551	17117	31602	31620	28389
24579	26504	21717	25793	21831
24626	1084	27507	13578	18380
1066	2497	347	1073	170
24680	37446	20360	11332	36650
1362	34097	5512	4273	18584
1436	24751	699	2749	1299
10865	1452	9911	3988	3208
1066	2497	347	1073	170
25595	10551	4308	38204	30696
634	946	6056	795	1564
21178	7117	3891	14437	13764
274	555	3800	7453	28
2632	2550	5238	5560	35822
9138	1209	1436	699	2017
946	16740	6056	1494	795
8668	2167	16214	354	18477
564	3703	958	8884	8347
3921	3965	5416	3344	5413
13	3365	9106	7573	27188
10	39	450	3857	3599
9460	6391	6056	2507	16740
25282	35071	31699	10149	25602
450	10	690	3599	39
11205	14355	4942	6766	3971
25350	27262	6107	18440	13061
12495	719	2917	2146	10632
25367	36496	14941	16407	25603
25384	18771	7595	21375	25268
25456	25451	27836	33234	7583
2497	226	2281	1066	172
11332	25263	5886	25515	385
25538	25534	32685	25167	36471
354	9407	5518	6713	16501
28108	13677	5058	5902	8506
1494	946	899	1564	1674
32510	31081	11444	25626	23597
1918	1917	13845	1919	3897
1117	1361	17474	33854	8359
1066	2497	931	4537	2281
25678	1997	35822	5189	31132
7888	12107	12409	26420	25734
25771	25774	19162	25751	34097
25833	30701	27103	17202	37021
25855	36427	23825	25263	26248
25934	18732	25933	26286	106
1066	2497	931	4537	2281
4045	43	2226	954	12004
1564	1494	946	795	16740
3703	958	555	684	564
3928	3141	9727	3142	18295
8530	7542	3076	9911	7356
11722	1368	10007	407	19722
26126	26104	7717	36793	33208
25080	28882	25264	4955	28885
450	10	690	3599	39
7030	4375	23044	7027	17971
564	3703	4314	958	8884
340	6244	2290	3676	1066
3208	7700	3076	9911	2
50	37209	3238	4640	3239
12302	17970	1269	26795	27926
3703	564	3215	8347	1596
514	249	493	18522	496
10406	25595	8266	33868	26371
699	474	1436	563	2017
573	304	9141	383	2347
8550	31821	42	589	5501
9138	1209	26507	2017	26516
26570	26126	7717	26590	30630
26620	25611	4153	4219	29367
339	35918	2339	864	23652
9729	1998	1995	14698	420
1727	1998	931	21381	8164
2631	469	438	12973	8695
26846	34713	26845	27774	150
3703	564	8347	555	958
954	4045	8800	12004	2759
26882	24834	22515	5723	14883
48	47	4239	3703	15
8076	17653	1436	699	9138
931	5847	38353	4886	19317
27004	15164	6223	2919	5183
13133	27023	5607	19887	5173
8180	30696	10551	25595	27052
2951	466	10976	18546	25595
12991	6787	36677	3442	24187
3703	564	8347	555	958
11722	11728	1368	32035	19722
27203	30564	17214	18424	18635
1295	22379	11079	31127	4768
10	450	3599	2168	39
931	930	5488	1066	1270
7473	37396	27288	6181	34094
2562	6205	1727	1998	6437
16446	27329	7836	6824	24659
1849	1848	21288	31158	21262
11722	407	593	9113	2657
13	3365	9106	7573	27188
27504	767	24972	15276	32393
946	16740	6056	1494	634
934	561	7950	7437	2121
3137	12495	719	2917	2146
27586	4438	20154	5847	9932
6056	9460	16740	795	2747
39	10	450	3857	8327
1066	2497	1073	4537	347
27752	32298	7228	27747	34706
9959	19923	561	7437	2545
7254	7259	17391	946	27386
354	9407	5518	6713	16501
34867	1660	552	4652	3208
27842	27841	27077	24071	34003
3703	958	6258	255	555
1031	1161	27890	21027	20034
2442	20384	9729	1765	931
27941	11332	5921	11979	23826
3732	6994	2442	31201	1765
28022	36545	22342	23569	36536
2550	11356	813	2632	14771
4434	11722	27926	2506	1296
22735	22240	10228	10227	22217
9442	11458	3386	7132	4699
6	3703	596	149	735
748	38091	38088	32159	8068
663	4077	30341	664	28158
3703	958	6333	978	255
3703	958	555	978	8347
16407	8678	15081	13025	30419
53	16112	3851	2743	5999
15131	9494	20516	21502	1599
19155	19336	4281	13	4077
3208	5207	2	91	7700
573	383	2657	2347	2694
11315	11316	2327	14193	28456
958	3703	684	5740	564
14949	28388	8659	560	23435
4955	3067	11988	13689	30084
28463	25239	9070	10962	29717
29427	6181	27868	11006	7473
6244	340	19471	574	4864
1596	3703	958	564	15
18307	21581	28591	7085	2145
10296	28502	36618	20068	16549
9911	29626	3208	1452	2
25595	931	10279	395	7617
934	561	7950	7437	2121
9729	1998	420	14698	22259
8347	3703	13917	958	978
4971	27773	27770	1452	24242
2940	4201	4361	13955	1436
28911	11166	14866	15663	7583
29010	1314	1282	27926	15412
17353	2983	17358	29058	23476
9454	22442	19721	37973	8350
3923	2076	1412	488	2059
873	6508	9483	12618	12624
29177	357	18950	3683	259
29206	26375	28843	23674	27197
564	3703	684	958	555
3703	564	14168	13917	1596
35071	29309	11140	14226	38185
1452	9911	4017	3208	1023
2350	1383	2027	15840	966
29358	31446	6743	14775	36896
10151	1436	699	4015	1299
14671	1998	25464	14698	29544
3208	7700	3076	9911	2
18880	19633	11038	3872	18231
29608	22084	36610	11332	35866
1436	699	2017	701	1021
1066	2497	5488	4537	931
29705	1969	8033	24603	2976
29767	28990	28419	4974	28420
4117	11491	3218	7515	340
946	1494	16740	6056	634
9057	11092	24149	18584	24242
29840	34003	25595	8715	28233
20378	29848	29859	11046	15926
2506	296	2347	573	287
8902	17214	22068	22935	3730
564	3703	684	958	555
1140	7402	1596	16632	2121
34706	29966	34711	29958	15766
23994	1092	4442	24001	5493
21746	23886	27976	28785	20065
3315	376	6304	4186	340
2168	3622	5830	1257	4016
2102	2662	30093	28433	559
30143	1084	7179	32560	36703
885	16740	1494	946	6056
51	3208	9911	1452	4628
233	16272	4442	9051	3125
573	2347	304	2506	285
573	2347	304	2506	7712
1066	2497	347	1073	170
3208	2	9911	928	1452
11321	1091	3676	6244	340
1291	1452	3208	9911	3076
4236	15840	2350	2027	1383
508	454	3683	5926	5069
17465	1084	1083	33679	8531
5926	11195	19101	14276	1268
573	2347	304	2506	7712
30447	22998	26822	7389	7386
17444	17476	35559	16679	6445
30506	6243	6679	3326	8603
22839	7727	14595	26822	14596
30537	30538	30542	22943	30558
30600	9798	12647	22315	36563
958	684	5740	3703	564
30647	26228	35547	23951	14371
30684	1084	12899	27449	32560
4699	469	23265	25595	1896
24659	27494	5645	31207	31211
3767	25136	36417	30196	28362
4699	469	1893	1896	2631
20480	3237	3067	4955	4045
5518	354	9407	5467	5464
30826	6107	34998	36335	27419
1391	342	1404	28207	16375
4	596	714	3147	25221
585	559	441	34068	33113
9051	946	1494	1092	1564
10682	11400	2990	15403	13634
5926	4328	5590	14276	9892
8455	2020	28338	23	20782
30986	12837	3207	6228	37547
596	3703	4013	14213	20
3703	564	8347	555	958
2121	449	506	3703	1029
116	9012	31049	36141	17785
31125	20153	24211	15316	20241
31158	29266	3626	25602	9091
3315	5459	356	5871	10326
9438	6406	3112	6437	6205
3703	564	8347	555	958
14941	25601	19434	16368	16407
1205	2068	2789	654	5926
28908	14799	30701	27090	37021
31374	12720	6590	1524	10801
365	2068	973	3622	2168
1794	14213	8379	14243	4013
31431	1412	9138	363	2059
3703	564	5740	255	958
146	3893	4144	1921	1939
4852	661	347	2497	1066
31488	23951	35547	36624	31493
1066	2497	931	4537	2281
13710	946	1494	795	899
561	7437	934	7950	2101
27700	13474	14061	25039	19481
12601	8359	27926	11722	3281
21212	32685	17362	25168	26580
15	2739	3703	1452	3009
2303	2506	2347	24279	31572
2145	18307	7087	3550	7046
12641	1269	27926	2546	26785
958	31796	3703	8347	3215
11205	14355	4942	6766	3971
454	25595	5926	3683	18950
12647	31879	9798	24697	28731
18500	23799	18543	38331	23791
31915	17803	16237	10635	24066
38353	2497	4886	226	20573
31942	8926	10208	21367	8885
3938	946	1088	8108	12627
8292	12405	71	514	18916
3703	958	684	5740	564
3128	596	3703	3874	149
6719	24579	13596	25793	26504
946	569	1494	1905	795
25595	8241	8174	395	8233
1066	1073	170	347	2497
6	3703	596	708	149
8426	28480	1219	5405	514
1383	2027	15840	966	14213
5278	19776	1727	931	1998
5443	2939	3079	3511	14190
704	32510	31081	11444	23597
3942	14437	1938	4144	7796
3703	958	555	684	564
4844	3315	10326	7508	8367
3703	564	8347	555	958
4942	3971	11205	2158	864
1494	871	917	946	2541
5926	4328	14276	776	1268
1796	11093	596	4508	3703
32433	32440	17751	32435	32430
3703	564	3215	8347	11079
32560	34492	27507	14680	17465
946	1494	16740	6056	795
32277	5963	32608	5970	32601
974	9138	1436	699	1209
26927	35866	13677	27464	25194
22174	9798	32718	32712	36563
32759	37729	20524	9318	25686
10	3857	450	39	3599
1436	23	699	4015	2017
573	2347	7703	2506	383
3344	31105	8152	3921	3348
11722	2657	1368	407	26043
32908	255	958	18378	3703
946	1494	16740	291	1564
2992	4172	5999	29576	1660
18184	20803	4537	8722	1373
1066	2497	347	1073	170
946	16740	1494	6056	795
33139	33160	33170	33166	33141
564	3703	5740	8347	17
3703	564	3215	8347	11079
14837	5926	33864	19892	19330
4160	4009	12301	36033	28452
5926	33322	4328	14276	9892
2	30417	91	11932	7700
1130	1524	596	4978	15555
4652	11391	7841	1660	4489
13917	555	8347	11631	11079
33656	29565	28068	11050	22353
2900	3891	24639	7792	147
383	573	2347	2506	2694
33506	33508	33505	9032	596
33547	9775	25268	29542	34631
311	13432	14975	1391	342
3703	564	8347	555	958
4503	33166	33203	2276	33170
16740	946	1494	6056	795
33651	25174	10133	22353	15226
958	684	555	274	28
3703	1596	564	3215	13917
958	3703	684	978	555
573	2347	304	2506	285
10980	28456	34877	33732	33745
4699	2631	469	1896	1893
564	3703	8347	555	958
1066	12403	35896	8722	12408
5926	6968	25595	14276	9892
6056	9460	946	634	6251
33953	33922	33896	26397	8252
25595	5926	3683	18950	1153
946	2311	1494	1564	795
573	2347	304	2506	7712
12521	487	13055	12409	13180
12495	2917	2146	10632	12437
7776	7733	31056	7735	34120
34144	23028	31158	18584	35325
5585	9293	29337	35153	407
34204	29177	34011	10340	17783
2893	1998	14698	12171	6466
748	6103	8053	20835	6088
4186	3315	7508	12396	1085
20573	2497	20553	931	28548
3703	8347	149	958	732
1209	974	1133	9138	68
3703	958	684	564	555
21384	3268	3643	30451	8620
3703	1596	13917	564	3215
34348	2423	3787	2430	13130
555	3703	684	958	8347
3703	564	3215	8347	11079
14190	3079	69	5443	14189
34403	2994	8072	25268	21375
34417	38020	27956	9483	18628
354	9407	5518	6713	16501
2145	18307	7087	3550	7046
1066	2497	347	1073	170
973	2168	3622	5138	5885
2303	2506	2347	573	296
34533	18258	34541	27666	36228
9729	1998	14698	420	22259
2068	1205	5926	5254	654
2433	37313	18753	13737	15158
2007	29423	30564	16549	16263
552	4652	7841	4489	11391
98	4116	561	2333	15403
34695	14570	8578	5794	602
6576	1066	347	4852	340
239	233	12891	901	17170
9062	34756	14010	11753	20447
469	4699	438	3630	1260
4632	389	1436	474	699
2497	2428	20573	1066	347
2219	596	768	3703	735
2563	1727	25943	10946	6205
24398	1383	1330	15840	2350
34906	27926	579	16894	1282
21158	735	149	3703	5505
1436	699	4015	2017	1021
3703	564	8347	555	958
21561	7933	959	2236	760
4757	4407	14492	5847	4415
233	12891	901	17170	9051
35103	4911	5726	35918	13638
17738	10239	18095	22958	27123
1436	1021	699	2017	1299
18349	8379	1791	14213	13480
1021	2017	4015	9138	1452
16740	6056	946	9460	1612
3208	7700	3076	9911	2
13991	17476	14182	31746	37878
573	2347	304	2506	7712
958	5740	3703	564	555
6016	26429	973	3622	2168
35303	15044	18974	20231	10031
3703	564	8347	555	958
1066	2497	347	1073	170
35383	33301	5828	17278	3633
946	16740	6056	1494	795
4942	2158	9124	22029	864
3921	8086	22073	4188	3344
14754	10516	18970	18967	18969
596	3703	149	1524	735
35501	25309	11050	28078	33656
395	25595	1153	4752	1046
2180	284	3080	258	5837
35558	25449	30715	1070	9483
978	3703	958	2121	1452
35618	26228	23951	35547	20426
1564	946	1494	899	634
12495	3137	2909	7046	2145
15403	2121	16	7952	6643
20647	31600	2697	946	23650
2789	12409	1085	3750	7508
11547	14829	28973	4461	11983
3703	564	5740	255	684
5926	14276	4328	776	9892
15679	155	813	2632	18821
1766	2121	15403	2101	3703
9138	1436	7489	1209	1021
946	16740	6056	1494	795
35918	35926	11814	18224	37445
9106	3365	7573	27188	3625
15736	15767	29177	5304	28237
3386	25595	11458	4699	7132
9848	23791	38331	29355	30518
16271	23857	35315	32349	14507
6122	8839	3147	596	4942
3208	7700	3076	9911	2
5488	1270	92	931	1781
3315	4186	374	10326	5871
2180	284	2763	6347	4247
596	3703	149	1524	735
6056	16740	946	795	9460
36177	37878	27774	17223	28184
3208	5207	2	91	6770
469	4699	438	1260	1893
3208	7700	3076	9911	2
36220	36211	15731	35496	36214
3703	564	3215	8347	1596
27497	4790	7489	1436	17835
573	383	2347	2694	7712
7249	7259	7250	7318	681
6056	946	795	9460	634
36340	32667	14532	5568	25673
474	699	1436	389	2017
2743	5999	4281	1660	552
5767	18284	36423	4186	6304
1066	2497	347	1073	170
2541	917	946	1564	2507
14184	3703	5505	732	255
13025	29575	10170	29564	36494
4852	4886	4537	8126	25861
1436	699	1396	1394	474
3640	3261	3315	10326	10281
24019	10704	32936	5344	37752
36658	6107	21766	35647	9477
512	3000	2926	513	2969
36713	13062	11594	26054	37962
36734	35125	29613	29654	31655
18693	19239	7463	8459	24974
1066	2497	1073	347	170
1918	14437	1919	3897	1917
946	16740	1494	6056	634
19054	559	30048	36793	10477
36852	36870	17971	21516	21657
3703	564	5740	255	684
552	4652	11391	7841	1660
4285	25602	35071	15774	21858
36977	11635	11805	34713	27774
36987	36986	11802	35918	36988
1564	946	1494	899	795
21793	558	2662	2314	19735
30652	1362	25181	8379	1331
37104	37110	26228	20413	30647
2451	36085	23217	8415	6023
3703	564	8347	555	958
3060	1436	699	23	2017
3703	564	8347	555	958
469	4699	438	1896	1260
3239	37209	4640	2787	3238
634	1494	946	16740	2507
22735	10228	22240	11973	18467
946	16740	6056	1494	795
37287	1499	29166	37304	37289
2783	1452	4027	16837	3213
37432	21952	37433	37439	13638
2813	8690	5525	3778	12952
573	2347	304	2506	7712
2506	2303	573	287	2347
3703	564	8347	958	17
5525	8690	35578	37484	30701
3703	1596	13917	564	3215
573	287	383	2303	2694
813	155	5238	2550	6190
16829	1495	3640	34482	16272
23724	26499	17694	37645	562
2331	7025	24334	22178	17489
37667	23347	2397	327	32796
12495	2917	2146	10632	3137
19142	24696	14882	16321	30151
1918	1919	1917	13845	15096
1405	15300	5518	13428	33572
573	6455	2506	383	2694
37766	9483	18361	18628	23886
6005	4852	347	2497	4537
3703	564	555	958	3215
2451	3904	8415	12495	23217
946	1494	16740	6056	634
3703	1596	13917	564	3215
37858	8605	25854	888	38281
484	25595	3439	466	3079
37442	2339	35918	37445	22172
37939	37804	24696	15008	30590
384	9113	2701	407	396
573	2347	2726	304	2657
8808	43	4166	2759	4045
1066	2497	1073	4537	347
175	17004	21284	13869	21252
3907	2993	9729	19135	179
1066	2497	347	1073	170
946	569	1494	1905	2697
1066	347	2497	1073	170
26487	37307	1612	1088	21502
38130	37451	36566	16545	3827
8379	14213	3987	20	1331
347	1066	2497	643	2281
27926	1282	1361	1269	3345
586	10437	38189	22646	38177
1066	2497	347	1073	170
24808	27205	3683	18950	3175
888	833	31756	27926	4373
38329	5645	28502	28520	10837
573	2347	2506	7712	285
38389	6873	18994	4258	31595
36652	9798	17486	27509	16901
38476	17076	38474	31655	30303
1452	3988	1293	5207	3208
27926	1282	579	3345	5142
12822	10153	11282	10129	12784
1564	1494	946	917	246
864	2506	4942	2347	6768
946	1494	16740	6056	795
20153	4890	11421	8126	1378
26388	8275	10152	12822	3480
5982	29943	11294	18143	21515
12450	7508	3315	13302	10326
2180	284	3080	5837	258
1412	363	2059	488	3923
1452	3988	5207	3208	9911
11098	4508	3147	2758	1796
7473	32951	6181	18287	35866
33214	8620	27149	27142	2815
2497	347	1066	2434	931
1524	12720	4978	6	18333
5942	16569	25135	28240	6210
15403	2101	561	2121	11
43	954	4045	12004	13778
239	233	12891	901	17170
2550	11356	14771	2632	155
25942	34402	34242	26428	16748
37148	1070	30714	26504	821
33355	19552	27125	10307	19543
1412	283	363	2059	488
4957	35071	10789	15774	35866
1921	1939	3895	12864	7767
1140	1452	2121	3208	5207
13176	8127	20573	1066	643
25962	28548	4886	4991	96
940	13025	29575	10170	29564
35743	33745	26398	31229	29967
946	16740	6056	1494	634
1494	946	795	1674	1564
946	16740	6056	1494	795
3365	14884	3599	10	690
340	7162	6244	19471	6055
2933	9138	487	363	654
940	17723	17726	29880	8789
34373	30869	36336	18258	6712
98	4116	561	2333	15403
3208	9911	2	91	5207
17474	37957	1117	1361	124
3703	31	564	555	684
946	6056	1494	1612	16740
2504	19058	12454	23071	15977
10626	8899	4116	98	4710
14468	34492	31003	3672	3675
2662	32844	32846	2702	2576
42	8740	1398	14208	28307
1908	255	8815	8797	3044
3376	469	4699	5472	14808
12254	3362	2333	32883	16300
30225	3494	24089	4256	27077
21367	11420	28786	10350	11439
37247	33582	25546	27327	19323
4117	11491	3218	7515	340
38206	10159	9929	35334	19762
16740	2507	6056	9460	946
4461	7583	14866	25142	31795
5488	931	4407	1066	2497
37949	6205	14882	19142	2488
573	304	2347	383	2720
1660	3851	4097	16112	4281
7270	9138	1436	4790	699
545	5472	5510	3544	2180
27926	1336	612	579	18052
27037	9240	2576	26576	2662
3208	9911	2	91	5207
1189	8257	1146	1192	35849
2347	573	2506	11959	304
249	71	514	12405	8292
19799	4127	663	4077	30253
10105	10106	10104	14532	37988
2550	11435	31962	35822	5169
1452	9911	3208	3988	3076
7906	5902	28108	9889	6850
27926	1282	579	577	3345
16740	6056	2507	9460	946
37303	7754	37308	37293	33548
1117	1361	17474	33854	8359
2576	37047	2640	8095	15833
27623	36327	31513	6034	36104
2347	5274	2506	573	36417
38074	24380	26089	26092	26095
11763	33914	21793	7717	27038
43	4045	954	13778	8800
30886	559	441	34068	26499
946	16740	6056	1494	795
5926	4328	5590	14276	9892
6902	35866	15554	15774	9065
3261	1072	3640	4700	6973
2325	3640	3125	4700	15371
9562	30004	3315	10889	21505
35125	36929	21406	28990	1449
2940	4201	4361	13955	16064
3703	564	3215	8347	11079
22956	33749	9440	10239	17737
3703	564	8347	555	958
1564	9623	1494	946	795
7019	18821	11433	35538	24912
555	3703	684	958	8347
6209	34256	6215	18820	33080
558	8351	8350	2314	9454
15403	561	2101	11	13635
946	16740	6056	1494	795
15490	13216	9911	24152	19810
7573	13	9106	9105	3365
604	735	3128	3703	710
3177	35492	8615	15150	3393
1412	3923	2059	283	363
9106	3365	4992	27188	3625
5025	2696	3599	19851	21328
30399	17589	26985	32734	30869
4116	561	2333	8894	2121
33245	33091	32144	28886	17443
15403	2101	561	2121	934
3703	564	555	8347	3215
13710	946	1494	795	899
14259	2180	258	13354	284
12495	2917	10632	3137	12437
38122	4206	6155	2992	3799
35786	25801	21648	25787	16027
3208	7700	3076	9911	2
1140	10840	2121	7402	1452
3971	11205	4942	17899	2158
573	9141	2347	2657	304
35645	16952	15259	342	13451
29275	1059	32279	1047	17098
946	16740	1494	795	634
4942	22659	3971	32307	28075
7954	98	8899	10082	10626
6449	23634	10106	32667	33800
14372	33927	15611	17790	23693
917	1172	3263	2541	876
946	1494	16740	6056	795
12976	8182	34837	7115	7902
5372	3376	469	4699	10893
9407	5518	6713	16501	5617
12218	12209	9299	9303	34031
2506	2303	2347	573	296
9407	5518	6713	16501	5617
9804	9815	26978	36793	26126
1085	7508	10326	3315	12396
14437	30590	37804	24206	14318
3703	564	3215	8347	11079
9646	25792	37296	30490	35046
2662	2640	2634	37047	9240
974	9138	1436	699	1209
10	4430	450	690	39
3703	958	684	5740	564
1066	2497	347	1073	170
18351	15554	35071	35866	6902
7730	1032	7736	6643	30564
564	8884	17	3703	3215
946	6056	1612	6251	1494
4699	438	469	1896	9490
2068	2084	365	8381	2059
3067	4955	2759	11988	2773
17096	24242	255	18373	5312
14302	5645	5358	4628	14311
4016	5137	6785	2168	297
17737	10239	17738	22958	18097
573	2347	304	2506	7712
14437	1918	3942	1919	4144
7437	561	934	2101	14463
3208	5207	2	91	928
147	124	1361	155	7004
593	9132	1368	11722	2657
23940	3640	4700	4090	9051
3683	10009	991	8198	10321
5926	4328	1268	14276	776
23064	3988	9911	19814	24022
3071	17203	24224	11912	27766
958	3703	684	555	564
2506	2347	573	17438	5279
26101	585	26119	29590	562
5488	1270	92	931	1781
10461	1383	2027	31409	28353
4699	1260	1893	2631	448
11960	7259	4350	3269	946
12495	719	2917	10632	2909
3703	564	8347	555	958
1436	699	389	1384	474
13689	4955	3067	11988	27206
23799	28456	20397	10980	20883
14997	2507	946	16740	8108
3703	564	8347	555	958
15178	15738	15734	29177	15741
31435	31802	664	9911	22372
3703	958	684	555	978
27991	10159	24815	33520	33789
3970	25595	325	5926	4277
10	3857	450	39	3599
946	16740	634	1564	1494
10969	25239	29717	30106	28463
3703	564	3215	8347	11079
973	3622	6015	5885	2168
7453	958	555	684	3703
8668	2506	35918	2167	16214
3703	958	978	8347	274
8074	5556	1766	561	2545
2506	296	2347	573	287
17429	1102	2881	18550	4118
9562	7508	12409	986	10326
573	2347	304	2506	7712
526	13917	889	1596	1307
3703	149	732	10801	5505
22206	11364	28436	12502	3177
3266	11004	3445	11070	18322
32510	31081	25626	25617	32478
1361	20738	773	6057	13658
27152	3591	20378	27139	31896
1918	1917	3897	1919	14437
11093	596	4508	3703	4942
15164	6223	11424	24696	17036
17367	25092	25093	25095	25126
958	3703	684	6333	255
347	1066	17540	643	2497
24890	3676	340	19690	19471
1066	2497	347	1073	170
1205	2789	2068	5243	3750
23180	3177	9436	13001	13374
297	3622	4016	973	5137
12560	27142	11025	11035	3538
11321	1091	6244	340	1066
48	1452	3703	15	4239
36784	22194	35559	17235	2037
10307	19543	30527	19549	2814
455	6405	29814	3643	6375
3701	35113	3639	21404	3644
8640	3174	326	23857	10159
21455	19703	21978	34284	21972
3238	4116	9051	2121	2786
158	34403	19135	37305	25268
14468	6923	1084	12899	34492
48	4239	47	15	2739
24429	2196	5003	2696	663
18422	22935	30282	17214	17476
14866	4461	25451	25441	6027
258	2180	284	3080	545
1066	2497	1073	4537	347
1494	946	9873	1674	8108
3703	564	8347	555	958
21977	15277	18224	21961	15262
11070	3442	3445	13375	11409
27926	26777	26900	18008	1269
11098	4508	2758	3147	3703
13496	17903	12392	29284	22068
31410	15445	10827	3662	21588
2632	155	2550	5238	35822
4137	946	1494	1905	1564
9258	2497	1066	931	347
9446	10307	33212	26808	19537
29044	29058	12020	23476	23470
6406	6437	6205	9438	16600
13200	18821	11426	5166	34714
2610	2611	18601	25935	26993
1564	946	1494	899	795
6923	17486	34261	1083	15450
13299	2823	33212	27134	19549
1662	1612	8108	946	118
35896	12394	3172	20553	8722
29978	38404	22717	28990	38157
25595	5926	3683	18950	1153
11321	6244	340	1066	3676
2452	12495	3137	35941	9727
35659	2187	35663	9751	34643
18307	7087	3550	7046	12566
2046	29735	2047	4955	15133
2497	1066	639	38353	2281
11321	1091	6244	340	1066
22314	28182	7161	1084	20402
6244	340	6005	347	1355
3703	564	8347	555	958
4137	946	1494	1905	1564
9959	19923	561	7437	2545
3115	2333	6768	5283	10141
24082	10023	20548	10340	20231
35258	35260	22069	30178	35271
18984	28924	29375	4219	29941
8797	684	5740	555	8326
11568	13112	37561	37771	23427
11743	3703	958	33649	978
13400	20259	24623	1084	10935
454	3683	5926	5069	357
4276	4253	25595	5711	4277
7437	561	3170	934	2101
564	1596	3703	3215	555
12502	35492	11403	6799	3177
32419	29889	30419	25603	13249
1494	946	899	1564	1674
9729	27367	1998	6244	18720
931	1779	5847	1066	5488
3315	4186	374	10326	5871
11424	31058	17971	18732	1655
38091	38088	32159	8068	20835
573	2347	304	2506	7712
1361	20738	773	6057	13658
1796	11093	596	4508	3703
3703	596	149	735	732
4652	11391	7841	4489	1660
3703	555	8347	684	31
2168	3622	4016	973	5137
3694	12271	24062	3970	10033
29489	19856	4084	3599	26372
22316	28222	25943	38115	25862
946	1494	16740	6056	634
9729	1998	420	14698	1995
6056	2507	1612	946	1494
17476	15611	23693	25137	6181
3703	978	449	7402	8815
19549	10307	19536	19537	9504
15409	3390	457	9435	3439
946	1494	795	1564	1666
31290	33927	14222	24494	14372
28745	7026	24696	12611	26054
2196	3599	1436	8076	23
5999	4172	2992	552	15840
34541	34524	18258	34537	34533
3907	2993	9729	19135	179
25793	26504	30721	37148	11960
30819	24309	18825	11433	18821
5926	14276	4328	5590	9892
6056	16740	2724	2507	946
258	2180	284	3080	545
2121	3862	3283	3872	271
15113	8086	35495	6191	35505
1599	9494	21502	8361	946
7573	13	9106	9105	3365
9911	3076	1426	3208	5650
1556	21288	19838	29758	31011
1391	311	342	14975	1404
1066	2497	347	1073	170
19276	10244	10288	2180	24895
1660	22481	38061	10815	35944
35125	28990	4981	36929	13357
4045	954	13778	8800	12004
15306	12815	3736	10878	26580
3703	564	8347	555	958
29165	14366	1612	2474	6056
1066	2497	347	1073	170
5926	9892	4328	14276	984
9767	1361	147	8521	23044
239	233	12891	901	17170
1412	363	283	2059	1436
3315	421	10326	4186	374
2497	170	931	347	226
12415	36729	33547	25268	36726
1895	469	8695	2631	438
8127	13176	8126	35413	31125
5287	4699	469	2631	1893
2157	363	3315	1412	283
1361	579	8442	27926	17970
4159	1452	267	5534	1018
31449	6056	6051	8108	1599
1083	34492	12650	6946	21205
406	37962	407	26054	17762
6325	6327	6324	32653	14195
1270	5488	931	4407	1066
30696	23186	24834	30225	22515
24268	36897	18820	5166	31058
3447	31229	25924	30216	15971
13081	32771	22813	27935	29192
16902	2497	2281	5488	24211
17540	347	1066	643	2497
5871	4186	356	3315	10700
25003	248	25595	27043	4333
3907	2993	9729	19135	9767
28548	10972	10202	18176	3606
9454	22442	19721	37973	8350
6835	3439	15939	6787	3079
3345	27926	579	1282	577
12583	32134	1221	32135	30938
634	946	6056	795	16740
13082	978	3703	970	958
1072	3261	3640	3315	10326
38036	587	26091	585	33005
1066	347	2497	1073	170
3365	4992	13	9106	27188
3208	7700	3076	9911	2
22420	27402	19140	29307	30387
26747	14132	29905	25174	37199
946	1494	16740	291	1564
3703	564	8347	555	17
474	1436	699	389	2017
1918	14437	37721	20297	15084
3137	12495	719	2917	2146
3640	4700	2325	1092	4090
487	13180	3315	1436	1085
3676	340	11321	2497	6244
6085	6109	24030	15693	3344
10	450	3857	3599	8327
12837	6228	37552	1946	15795
1219	25595	12405	8243	8292
12429	12408	28548	10972	16560
609	1555	34144	2743	4361
4045	43	2226	954	12004
3226	31934	3703	16679	10801
2027	15840	2350	1330	1383
12495	2917	2146	10632	3137
3200	2180	284	3080	258
25969	30648	1299	36033	1436
1066	2497	347	1073	4537
3701	7381	3643	21404	35113
4186	7508	374	12396	1085
1205	647	2068	2789	654
946	16740	1494	6056	795
3266	2975	11004	3445	435
1791	17892	23693	9389	28980
199	14405	36897	24696	24318
7800	9138	1436	699	4790
16167	1418	23064	18963	23355
3703	596	149	708	604
18693	19239	7463	8459	24974
4131	28595	31061	17903	31508
3334	7167	12467	10162	27563
5029	3599	8472	34725	29380
5926	14276	4328	776	9892
6056	946	1612	1494	16740
3215	4769	1284	8347	1596
573	2347	304	2506	7712
8347	3703	958	2121	555
2786	37155	4116	32901	9051
1596	3703	958	15	564
35818	19397	6573	16773	16761
514	249	8292	71	26962
12471	3232	12469	12441	12456
38039	33003	11785	31320	26126
573	383	2347	2694	7712
5896	24297	30796	24623	7508
4045	954	13778	8800	12004
48	4239	3703	1452	8347
10326	1085	3315	3030	4186
748	6085	6109	24030	15693
25451	33234	28973	11166	13348
10819	5361	36417	25569	6455
12864	24875	1939	14330	4144
3703	958	684	555	978
22707	22478	18163	4157	5847
663	4077	664	2196	3996
1066	2497	1073	4537	347
23886	37818	18361	16773	22083
714	2219	596	5981	2543
573	2347	304	2506	7712
946	1494	16740	6107	35271
34720	9784	9212	35355	9781
43	4045	954	13778	8800
4186	356	3315	10700	7508
1047	28233	32279	30599	28238
25595	38019	1187	33995	20489
11515	8690	5525	28110	2813
4699	438	469	1896	9490
5124	6646	37177	5645	18231
16773	9483	12338	23981	17622
6056	16740	946	795	9460
4184	9032	1524	15441	20006
15403	7952	2121	26337	7967
25602	44	4009	4258	10789
18307	7087	3550	11666	11689
340	2497	1066	931	1494
1436	699	4015	10131	1021
1361	20738	773	6057	13658
3907	9729	19135	179	26759
1070	23985	37083	9483	25696
17871	13917	1596	27391	11703
5926	4328	5590	14276	250
19119	37141	5344	23347	19092
15300	5518	13428	33572	311
11409	14882	15171	3442	27853
8038	25936	12371	636	16321
22574	552	1660	24543	11542
616	1818	43	2759	13778
38055	26674	16721	26659	16214
2935	1007	10259	25878	5488
6010	9138	8506	699	1436
3703	958	555	684	564
4120	12488	664	37412	1660
17497	18854	10092	23793	17498
19125	25595	1187	1046	19115
1282	27926	579	3345	5142
4652	5621	552	7841	2992
5488	1270	931	1781	4407
3437	31896	11270	13404	27577
28670	4315	4101	9911	36033
5926	4179	4328	1268	776
18639	20489	18652	25595	18648
5926	5590	4328	14276	250
4045	12004	43	8838	8800
33547	17780	9775	19135	36726
573	2347	2506	383	304
34922	24585	13588	13600	35100
4699	438	469	1896	9490
90	2281	9888	4886	6466
2101	2121	15403	7952	934
1066	2497	4537	1073	347
958	564	684	3703	8884
6406	6437	6205	9438	16600
560	565	1398	17859	42
24696	16321	30151	24693	29310
4726	35071	4009	1436	25602
3970	25595	325	5926	4277
11079	18424	11034	4768	8347
35155	33656	25309	32309	26861
146	3893	4144	1921	1939
18250	23634	16731	18259	28081
10239	18097	10241	9504	33213
1524	16786	12720	6445	2037
23143	31212	34260	16810	34257
22290	17476	31746	6445	14284
3208	7700	3076	9911	2
4045	43	2214	13988	21193
14771	1646	11054	2550	813
3172	2497	22809	28548	8126
7792	14404	7511	147	14420
3599	5003	2696	4885	2753
6406	3112	6437	6205	9438
22604	6638	5926	1036	5956
2491	2497	20573	1066	931
35547	26233	21758	18006	12618
31229	35743	12581	3151	25926
3703	564	8347	555	958
249	514	12405	8292	33410
3703	684	958	564	5740
196	2550	11356	14771	2632
14405	17036	11424	14406	31058
22933	10704	24321	2506	18250
958	3795	10801	13082	8347
3137	12495	12545	3363	32134
24142	6313	6292	17597	19150
3208	9911	2	91	5207
11923	35071	13677	25602	6873
3703	14881	8347	255	958
454	25595	5926	3683	18950
5871	4186	3315	10700	7508
13	9106	3365	27188	4992
3208	2	928	9911	1452
340	6244	12542	3676	1066
155	2632	5238	35822	2550
25595	2791	1727	6392	28456
25321	6760	36077	17460	29509
21205	28548	10884	25663	35223
469	4699	1260	2631	1893
958	8815	978	3703	255
16748	23846	12285	23793	6994
32192	15255	3626	21553	33321
7722	30558	16904	16187	17079
1743	1355	6005	340	4864
6143	17060	11444	15875	32832
27525	27523	10442	9899	10468
15840	1330	1383	14213	966
6056	16740	946	795	9460
3599	4885	5025	29425	2196
1066	2497	347	1073	170
2939	14190	69	3079	3439
946	1494	30533	1564	899
5857	2168	3622	973	24058
3208	7700	3076	91	5207
1205	2068	2789	654	5926
946	16740	6056	1494	795
564	33	684	8884	743
27520	27523	27525	12495	10442
3703	958	684	564	555
24475	33702	33701	30399	11477
12630	12673	33686	35638	6508
20101	9138	2179	14674	24994
34097	5993	22935	25614	24137
5518	354	9407	6713	5467
5926	4328	5590	14276	9892
2327	2291	24721	35339	7925
5926	4328	5590	14276	9892
946	37725	28243	2730	1088
15410	30590	37804	26289	14437
32355	18916	8292	26388	10132
27507	13176	28548	30412	24584
12408	3661	3646	18902	8127
29126	1499	28476	35338	28535
6766	4942	864	2158	2506
16442	34263	16440	33445	16450
455	6405	12495	3266	3271
9138	4790	7895	1072	6919
25595	5926	3683	1153	18950
931	5847	5488	21501	24007
1355	6244	2497	1372	12542
2282	24700	28456	33731	33759
13027	735	3703	149	12720
2632	155	2550	1710	5238
3970	25595	325	5926	4277
1452	8399	11079	11940	8797
3703	564	8347	555	958
19617	28628	7667	28745	29838
1756	4794	931	1076	1765
34274	6416	28167	12933	7394
1153	8303	15741	29177	33650
6872	12720	13636	6076	23693
3266	2975	11004	3278	435
5871	356	4186	3315	10700
6904	7306	23	1436	10131
1436	699	1384	389	474
958	3703	555	684	978
450	10	690	3599	39
614	19324	19320	14949	19318
454	18950	2764	3683	27205
14468	9330	9509	14680	34492
564	555	684	449	5740
9729	1998	19135	179	14366
13770	4699	534	3422	1896
573	2347	304	2506	285
31610	37725	1498	37792	24846
18258	34554	34535	34548	10104
29680	7063	26965	31226	18760
1066	2497	1073	170	4537
25394	5607	16740	4177	2507
15882	3172	8722	20153	10957
23826	11332	30808	30799	3222
4790	1436	699	5657	9138
50	3238	13634	4116	9911
12724	16802	12736	6839	12751
2632	155	2550	5238	5560
34031	9308	9318	37729	19226
1587	1494	1674	946	6056
8924	28103	26872	24582	28108
3208	9911	1452	7504	1436
9729	1998	14366	26521	946
3801	3781	33829	3798	3823
9798	20120	36841	12647	36842
6249	6970	7952	5556	2101
11663	35482	26374	22260	6445
7472	15211	25151	34662	37193
3819	3853	16131	3820	16073
1426	3076	9911	1436	1452
18928	16211	12607	8442	17970
4699	438	469	1896	9490
20573	96	38353	347	20553
14580	12845	18758	12847	7754
449	2121	3862	1029	2003
9911	3183	1452	7504	443
3703	564	958	684	8884
17035	23422	699	1299	10131
6056	16740	946	795	2507
29814	3643	6375	483	3669
5094	3703	958	13917	4769
1452	4776	1140	3215	8962
30004	31173	11026	25040	21792
26261	6873	15774	18351	18577
233	16272	9051	4442	3125
573	2347	304	2506	7712
6021	31056	7754	15795	602
946	16740	6056	1494	795
4172	2992	552	5999	29247
37484	3778	8690	11405	33280
14190	3079	69	5443	25595
3703	564	8347	555	958
2196	3978	1436	699	3599
5926	9892	4328	14276	984
23886	14010	37792	26453	34156
28775	34702	35822	27219	5166
1066	2497	1073	347	170
946	16740	1494	6056	795
1660	24461	23071	664	4127
35257	9483	36896	21211	34998
4699	3630	438	1260	1893
564	1596	3703	3215	555
946	1494	16740	6056	795
31188	22947	18418	23999	31184
9138	1436	1209	974	23
1754	931	7232	4967	9729
37878	31746	17476	30282	14284
1499	14366	2507	9023	29165
7776	34120	7735	7733	15716
17036	22776	10748	36992	17032
7113	23981	32480	26504	22453
5124	15403	7448	2121	5695
2397	14348	32667	19328	19092
18307	7085	18289	9961	11692
14866	4461	7583	28973	6027
3426	3422	3418	4562	34092
12093	27507	1084	25663	10972
3703	958	978	555	684
24319	6923	32464	17486	9798
3703	3800	555	8347	958
3703	564	8347	555	958
1494	917	946	2507	1564
284	258	4247	3080	5837
10683	3955	48	15	47
3208	2	3154	9911	1452
7587	1436	1452	8385	1422
1998	29837	17497	8005	25464
1957	38182	18904	22084	30217
25595	10551	30696	4308	38204
946	16740	6056	795	1564
20992	6873	35071	18351	6902
11179	16317	1973	1980	1763
1452	9911	1436	3988	3208
2743	34144	16112	2992	552
3681	23343	13180	12450	1205
35052	37792	16760	32997	31211
474	699	1436	389	1021
17094	23316	34011	23335	34711
13	3365	9106	7573	27188
19154	26985	26652	26665	26658
35538	31058	5166	30550	18820
6056	16740	2507	946	1494
14975	1391	342	13432	28207
573	7712	383	2347	304
573	2347	304	2506	285
6181	7473	18584	27868	11537
2697	946	1494	1564	23007
12575	12578	12942	10442	720
561	7950	15403	2101	7952
27763	18424	18635	12392	27340
1918	1919	34613	15729	3897
18509	23304	10159	13193	23332
699	474	1436	563	4790
36677	10233	35912	7104	12058
946	1494	1564	634	795
9051	946	1494	1092	1564
634	946	6056	16740	795
32784	25040	18199	14215	17154
24318	15888	31058	35619	5166
25595	18652	25060	18648	931
3208	7700	3076	9911	2
958	28	684	24	1541
3208	7700	3076	9911	5207
19636	28248	11038	9040	37244
2506	5473	286	2347	2317
2506	296	2347	573	287
3703	564	8347	555	958
555	3703	684	958	8347
21803	24484	12673	14044	10067
2975	3266	435	27853	12560
587	441	23723	23738	23744
35929	34834	14074	27779	35912
233	239	1092	9051	17170
17765	36849	4520	2116	26228
30521	3626	15255	14704	30522
3326	791	6056	1612	895
6455	36417	2506	2347	573
28778	29951	34273	15316	18765
5820	38037	5739	29808	28665
10	3857	39	450	690
573	2347	304	2506	7712
19125	25595	466	19114	19115
1452	3208	1291	9911	4628
1614	1615	4219	1616	28924
4116	561	2333	8894	8899
50	3238	13634	4116	9911
3010	4208	6163	22574	4240
8692	6205	16313	14882	1721
1144	25595	26417	3386	1211
13474	32010	21394	23064	33853
1436	474	699	389	1021
19397	22947	30004	31768	14476
3703	564	3215	8347	11079
946	1494	634	16740	1564
22952	13052	30108	22183	25322
10816	28971	16001	34139	15516
8554	4984	31923	9483	35271
3208	7700	3076	9911	2
1066	2497	347	1073	170
36678	3021	6267	11469	35578
3208	9911	2	91	5207
25598	32462	31678	25611	1438
3936	5607	2507	24456	4177
12342	17200	3418	4699	469
19125	25595	23513	466	22171
10095	28262	36893	37930	37932
5881	10326	1085	7508	3315
4	2219	596	768	3703
3703	564	3215	8347	11079
5386	1452	3076	1436	15
1791	17892	23693	9389	14252
5617	5518	6734	9407	2727
948	2168	3622	1257	4016
5488	931	4407	28548	27042
981	2059	9165	3927	1412
474	1436	699	389	2017
4186	3315	356	5871	10700
38020	806	27956	21336	10142
4144	1921	1939	3895	12864
946	1494	1564	795	1674
7877	9911	2279	1452	3988
17429	30032	3676	1093	557
1066	2497	347	1073	170
23180	35912	11260	35231	9436
1205	647	2068	2789	654
12735	27926	579	34906	16894
6087	18263	36316	34241	1636
3208	7700	3076	9911	5207
18564	9911	1452	10221	3208
1564	946	1494	899	795
18750	8126	35487	20153	2497
3703	564	8347	3215	1596
457	3439	6786	6787	3546
3208	7700	3076	9911	2
25583	25580	30639	17803	18974
12784	11282	8275	30700	31445
34003	24716	28233	8240	34264
6850	35866	13677	35071	12404
3208	7700	3076	9911	2
340	6244	12542	3676	2290
15554	18351	34483	14040	15774
25603	28960	10812	26580	33492
35496	1922	36210	36209	26941
4652	552	1660	24543	11542
946	16740	1494	6056	795
931	1779	5847	1066	5488
27991	10159	24815	33520	33789
20397	3437	6814	7140	6787
29266	13962	29229	29279	28661
2102	17928	30090	22943	26126
9953	18307	7087	12495	3550
6643	15393	28502	16263	7971
22949	17697	10288	21509	19273
16058	17114	16108	30356	15599
1436	699	1396	1394	474
23513	19125	6837	25595	19115
18289	7085	10680	28587	28591
3703	564	8347	555	958
37603	11424	10203	34213	37777
2168	973	4016	1257	5885
32277	31682	33420	28233	9624
4700	3640	4684	4186	3261
28333	15554	18351	35866	25243
946	16740	6056	1494	795
5518	9407	6713	5467	5464
946	6056	1494	1564	1612
3874	1524	735	3703	596
16740	634	795	1494	946
9911	18102	10221	3208	7562
562	585	30886	441	559
3442	27853	11004	30216	3266
10036	18424	12963	3215	8347
4201	4361	13955	1436	15840
3732	1765	6994	2442	12263
35302	3172	8722	2281	21205
212	37941	1717	16615	1716
10326	18225	5871	374	3315
559	26570	30048	26126	30630
357	259	1145	1153	894
28657	13930	29279	28658	13942
35912	27779	34834	7129	36677
12864	146	24875	1939	4144
22651	9715	3626	32371	30456
8952	21663	9703	31103	15692
14405	14406	17784	18867	31058
342	28207	16952	33585	311
13635	13634	15403	2121	16
98	4116	561	2333	8894
681	6128	783	11960	1809
474	699	1436	389	2017
3703	564	8347	555	958
2550	11356	813	14771	2632
946	1494	1564	795	4137
3703	564	8347	555	958
255	2856	958	684	3703
16124	22135	34097	8055	6298
1140	1452	23017	2121	255
4186	374	10326	3315	10770
9841	26818	22934	10239	19537
6	3703	596	735	149
9763	3267	6437	6406	3112
26748	10721	31516	7026	13327
2063	25611	33254	28161	20805
2562	6205	1727	6437	931
4263	25005	14228	28480	15717
27464	25256	35866	8394	37991
1436	2017	699	1021	23
564	3703	555	8347	17
8090	21793	558	2576	2662
14952	36067	36080	36072	33598
3208	9911	1452	4628	3076
1000	374	421	5871	356
565	1398	17859	42	17881
946	1494	16740	6056	795
2180	284	3080	5837	258
23130	13917	18355	8797	5596
24118	17474	21284	13721	6057
8259	5440	5427	28109	36677
35643	29615	16855	7166	20079
11424	37777	36897	8926	6223
1092	233	16272	9051	4442
573	2347	304	2506	7712
1564	899	1494	946	280
573	2347	2506	383	2303
3732	31183	3608	31193	2442
17474	24118	37957	30922	2249
5926	9892	4328	14276	776
2975	11004	3266	435	18322
573	2347	304	2506	7712
3001	12953	2813	8690	33749
2121	3862	1029	2003	978
1222	8605	35824	15445	25621
3703	6119	6095	13917	13082
2497	347	1073	170	4537
3703	564	8347	555	958
1918	1917	1919	3897	34613
11428	438	14790	469	1893
1436	699	389	2017	1021
17441	5166	18820	11426	31058
4045	954	8800	12004	2759
27837	15596	35071	10148	13677
25389	9767	34389	157	37016
946	306	1088	16740	22069
24617	18158	15518	12409	30666
3125	3640	4090	2325	4700
27926	1282	577	1314	579
20072	15308	4663	10855	18422
25853	10807	15129	21394	5139
1066	2497	347	1073	170
1066	2497	347	4537	1073
17548	27098	24834	24089	5723
5899	5904	3313	24623	25263
3703	564	8347	555	958
946	16740	6056	1494	795
9729	1998	14698	22259	659
30084	1818	2759	2046	2038
16214	23460	11722	6712	946
2497	226	2281	1066	172
684	564	3703	6333	5740
19336	5808	2945	1660	15037
1066	2497	347	1073	170
917	1494	946	2541	1564
1969	9729	8013	1998	24603
8086	18753	31056	6191	15113
9729	1998	14698	8005	27341
5488	1270	1781	92	931
2724	16740	6056	946	634
4116	8899	16300	7952	7950
32371	15663	14866	33234	22653
9406	9346	9318	33966	9345
3208	7700	3076	9911	2
6783	457	22791	6782	6790
38087	2179	28108	17620	25895
9062	7233	27956	7102	9483
258	2180	284	3080	545
699	474	1436	563	2017
573	383	2347	2657	2694
13677	5902	12404	11140	2179
37396	7473	34094	32951	12732
1032	30564	7505	3827	2121
760	10878	959	14552	3736
3208	7700	3076	9911	2
986	21335	30810	36040	17979
2543	4184	8074	4954	596
6820	10139	10161	3386	3373
2397	19092	19328	4913	32667
6244	340	19471	574	4864
1789	1791	23693	17892	13188
1398	12209	9299	34031	12203
8350	16245	2659	19651	22442
32131	30216	3392	3391	11409
9483	20065	13578	27956	651
24486	36273	37138	13566	27614
3208	2	3154	9911	5207
10	450	690	3599	2168
2145	18307	7087	3550	7046
727	18258	29502	33799	32459
15663	33234	21043	28912	19967
12561	12583	5791	1221	4382
35071	11026	31390	18474	25602
18263	24493	6087	7186	15689
10106	16878	29676	26634	8668
958	555	684	564	5740
9138	1209	1436	699	68
36849	8951	35606	35537	34720
6181	14850	17214	17476	7473
9646	37296	1498	27419	7113
347	1066	2497	6244	931
946	16740	6056	1494	795
3147	8839	596	6122	2219
36938	35866	15554	15774	9065
9138	1209	1436	699	2017
19336	4281	15037	5808	1660
4253	25595	5926	6638	3970
28021	4186	5871	10326	12396
13758	14080	6437	6406	3112
15459	11567	9062	32312	18835
28452	4160	13494	16767	12301
469	4699	1260	1896	1893
2497	226	2281	1066	172
19306	31050	32315	35483	32316
6056	20516	9491	777	1612
3599	1660	1436	9911	2196
3891	24639	7792	147	14438
4699	469	1896	9490	1260
1436	4169	1021	2017	699
28502	28510	30564	10123	11006
633	36772	8390	31319	12409
1766	2121	15403	2101	3703
5871	4186	3315	10700	7508
4991	1120	7067	96	2497
2744	10233	12058	749	27767
8434	20153	10213	4964	13191
6737	28854	34377	18898	6696
15015	23953	26588	19998	3015
10	450	3599	2168	5137
10332	5926	10340	5153	20231
10141	21828	36976	21946	16300
24143	30968	24137	31664	16016
3786	7508	5488	4186	1066
2657	5277	19086	16878	2694
1826	2759	11994	2051	43
43	4045	954	13778	8800
3207	12837	37552	1946	8384
34892	10307	33354	19537	19549
3703	564	8347	555	958
1426	3076	9911	1436	1452
23071	1452	663	2196	1422
26147	26144	28875	28882	2773
3703	564	8347	555	958
19125	1187	6837	23513	19115
5987	4407	3786	3315	7508
3703	564	8347	555	17
3315	4186	374	10326	12396
10233	9431	14074	7104	7195
28233	34003	32274	28238	1047
23104	3599	1660	8075	2196
2180	284	3080	5837	258
3703	741	564	8797	1596
3703	564	3215	8347	11079
35866	9065	15554	15774	18351
3315	4186	374	10326	12396
4652	11391	7841	1660	4489
4184	1524	9032	4954	14375
14213	3987	8379	1331	31416
454	25595	5926	3683	18950
2632	155	2550	5238	5560
7879	4236	25081	7850	7848
27837	6902	25602	13677	37333
3147	6122	596	2219	4
12837	6228	37552	15795	8384
5488	1270	92	1781	4407
11959	25466	2347	573	17438
8926	27215	6209	8912	10208
8086	3898	18753	35495	31056
13561	32667	19328	23987	2397
6056	16740	946	795	2507
1067	1083	37173	15450	17486
310	18974	35091	10159	22354
23142	37367	29707	29706	1968
1765	3732	2408	6994	2442
8327	5061	23019	13474	1421
17318	17317	199	215	11580
18584	11006	29417	3769	28184
11704	2506	573	287	383
19500	17159	14262	2180	10288
18424	18635	13900	35648	10855
6445	27197	6148	22096	20323
17603	14284	17476	31746	30282
34243	22765	31193	18843	3732
23347	36975	29357	2397	32667
12823	18916	8292	12352	1218
16740	634	795	1494	946
15599	15611	35331	14220	37703
25786	38118	32951	18963	25812
33547	25268	34403	29462	34391
441	585	562	23756	559
11960	6128	7259	4350	3269
2576	2662	2640	2634	37047
1066	2497	347	1073	170
4684	3640	1436	4700	1500
389	1436	699	474	1408
4835	36893	27836	28262	10095
5050	1299	1436	28338	16767
7754	8086	18753	35387	35495
15829	1519	1021	3076	2238
5926	9977	9892	4782	4328
573	2347	304	2506	7712
3112	6437	6205	27853	16600
1066	2497	931	4537	2281
6244	340	19471	574	4864
33749	10239	17737	512	9504
4699	2631	469	438	1896
946	1494	16740	6056	634
27926	1282	579	577	3345
3703	8347	758	564	555
30784	31821	585	559	5585
3439	2939	25595	69	22206
5416	8952	9703	15675	8903
3881	3817	14550	34144	16021
3703	596	149	735	732
32667	2397	5349	26583	24278
4232	35776	2992	4172	3815
28502	18584	6181	25309	11006
3898	18753	35495	31056	18697
3703	564	8347	555	17
14680	36703	12899	34708	10827
146	3893	4144	1921	1939
2180	258	2763	4247	545
15888	31058	5166	25948	27912
4699	469	1896	9490	1260
946	1494	16740	6056	634
37630	1734	33724	18500	38331
6748	2506	573	2347	25673
6405	29814	483	6375	7187
27074	9638	4899	10992	4967
27480	20809	11670	26448	10856
15410	30590	7491	29680	26941
1066	2497	347	1073	170
13635	13634	15403	2121	16
946	1494	16740	6056	634
32724	27507	18296	13578	9509
17790	15611	6310	19946	37703
5557	5556	5500	978	3703
946	16740	6056	1494	795
14664	10199	3641	1084	17026
1436	474	699	389	1021
3599	5003	2696	2196	2753
9450	19125	23513	23512	6837
28861	31211	31207	36536	21792
16034	33362	25611	4392	6954
654	2789	12409	1085	3750
5607	4177	9460	24456	6056
7510	2168	5830	5857	5885
31058	34213	22943	8889	36897
586	10477	10437	36272	22646
5926	11195	1268	4328	5590
10865	1452	9911	3988	3208
17237	14879	973	12420	6016
466	2791	6392	10976	28456
11260	3556	32207	5392	13001
8358	25595	8292	10139	1186
10737	12224	17043	110	12245
7026	17036	17325	24324	24322
4061	13313	1436	10131	1394
35980	15753	8529	15748	34011
16292	17476	38056	18584	8062
31647	18164	28389	31625	31602
3703	31	564	555	684
17036	18732	25933	36992	25932
13109	27485	23028	9220	32339
564	3703	684	958	555
8292	26388	18916	1198	12405
1969	9729	1998	8013	24603
1066	2497	347	1073	170
2541	1494	917	946	2507
20022	12984	4013	4977	25454
2568	2506	573	2347	304
2550	11356	2632	14771	155
17096	24242	9911	14311	255
3874	3703	735	596	149
1564	946	1494	16740	899
573	7605	383	2694	6753
2369	2996	2370	22020	2361
1918	1917	14437	3897	1919
19135	34636	179	29421	7761
27311	16712	27327	9798	14941
5837	3080	2763	284	2180
8152	23722	3348	3921	35534
1331	14213	3987	745	8379
3703	684	564	958	5740
13291	35234	5525	8690	2926
1153	395	931	894	5488
9765	16027	25829	11910	1422
2121	3862	1029	2003	978
233	9051	946	1494	1092
4038	28990	31694	25264	4974
4045	954	13778	8800	12004
3683	25595	20562	10321	35087
3703	564	8347	555	958
1066	2497	2277	347	1073
3703	564	8347	555	958
3703	8347	555	564	261
1153	894	395	931	896
5926	4328	5590	14276	250
4922	32667	19393	327	24574
8076	1436	9138	699	974
26233	12611	23951	21758	12614
1564	1494	946	917	246
6445	22096	17476	27197	17903
4784	37436	26210	10340	24722
1494	26514	895	641	899
23797	4920	3638	12408	1066
5926	5590	4328	14276	250
8114	33170	33167	33186	31631
946	569	1905	1494	2697
573	2347	304	2506	285
19509	10288	24895	10244	35385
9062	14010	11753	18400	38020
21384	30451	7378	7386	7394
9798	18178	1084	25876	1083
6181	18584	27868	7473	26280
958	3703	555	978	274
25865	30677	9820	11332	5880
18963	11216	18287	25817	36901
3703	958	555	978	8347
8663	11722	9243	384	407
1066	4537	2497	226	347
4186	12396	3315	374	10326
8373	1436	4015	1397	699
13340	10494	3362	38186	8062
469	4699	438	3630	1260
35816	33464	28399	1898	9051
2506	6530	573	2347	36417
36976	5283	33192	10141	23567
3599	1660	1436	2196	25611
34358	25268	34403	34391	18771
